1,0,4725,25,250,0,0
251,0.1625,4685,25,251,0,0
501,0.3393,4652,26,253,0,0
751,0.4684,4669,27,255,0,0
1001,0.62848,4662,28,255,0,0
1251,0.78058,4634,28,257,0,0
1501,0.94894,4588,29,256,0,0
1751,1.1091,4573,29,259,0,0
2001,1.2824,4570,28,257,0,0
2251,1.4504,4528,26,255,0,0
2501,1.6218,4505,25,255,0,0
2751,1.7756,4496,27,256,0,0
3001,1.9483,4477,26,252,0,0
3251,2.1035,4453,27,251,0,0
3501,2.2698,4405,27,249,0,0
3751,2.4322,4370,27,246,0,0
4001,2.5984,4334,28,245,0,0
4251,2.7805,4315,31,253,0,0
4501,2.9422,4271,29,251,0,0
4751,3.1213,4224,30,247,0,0
5001,3.2977,4199,29,245,0,0
5251,3.4758,4164,29,248,0,0
5501,3.6525,4125,27,255,0,0
5751,3.8131,4102,28,247,0,0
6001,3.9866,4049,27,251,0,0
6251,4.1823,4020,26,257,0,0
6501,4.3817,4004,25,254,0,0
6751,4.5677,3981,25,253,0,0
7001,4.7439,3962,27,252,0,0
7251,4.9356,3933,26,252,0,0
7501,5.1379,3911,27,255,0,0
7751,5.3462,3857,25,251,0,0
8001,5.5515,3843,25,257,0,0
8251,5.7641,3813,26,256,0,0
8501,5.9489,3802,27,260,0,0
8751,6.1537,3777,25,261,0,0
9001,6.3609,3755,27,259,0,0
9251,6.5539,3747,26,266,0,0
9501,6.7586,3713,26,262,0,0
9751,6.9732,3661,27,265,0,0
10001,7.1777,3660,26,269,0,0
10251,7.3833,3657,27,271,0,0
10501,7.5874,3611,25,273,0,0
10751,7.8041,3605,29,275,0,0
11001,8.0141,3595,31,277,0,0
11251,8.2152,3583,32,270,0,0
11501,8.4193,3546,33,268,0,0
11751,8.6383,3492,33,270,0,0
12001,8.833,3460,32,273,0,0
12251,9.0689,3421,35,275,0,0
12501,9.2656,3415,35,279,0,0
12751,9.479,3409,35,277,0,0
13001,9.7311,3382,31,276,0,0
13251,9.9345,3371,30,276,0,0
13501,10.137,3370,30,271,0,0
13751,10.34,3357,30,272,0,0
14001,10.596,3336,31,270,0,0
14251,10.818,3329,32,270,0,0
14501,11.023,3309,31,271,0,0
14751,11.271,3272,32,273,0,0
15001,11.48,3263,32,276,0,0
15251,11.681,3236,28,271,0,0
15501,11.925,3233,25,265,0,0
15751,12.14,3202,25,268,0,0
16001,12.393,3196,25,272,0,0
16251,12.625,3179,24,278,0,0
16501,12.867,3162,24,281,0,0
16751,13.09,3138,26,281,0,0
17001,13.331,3131,26,284,0,0
17251,13.586,3103,27,281,0,0
17501,13.818,3068,25,282,0,0
17751,14.057,3077,23,277,0,0
18001,14.322,3079,23,277,0,0
18251,14.551,3044,24,281,0,0
18501,14.785,3021,26,274,0,0
18751,15.008,3007,28,272,0,0
19001,15.261,2973,29,273,0,0
19251,15.483,2959,30,276,0,0
19501,15.731,2953,32,276,0,0
19751,15.96,2941,32,286,0,0
20001,16.229,2930,33,284,0,0
20251,16.483,2885,34,278,0,0
20501,16.707,2861,35,285,0,0
20751,16.973,2828,34,287,0,0
21001,17.225,2810,34,287,0,0
21251,17.483,2766,36,287,0,0
21501,17.739,2761,37,293,0,0
21751,18.029,2768,37,294,0,0
22001,18.26,2722,37,290,0,0
22251,18.505,2697,36,290,0,0
22501,18.75,2680,37,298,0,0
22751,19.02,2686,36,299,0,0
23001,19.295,2670,36,295,0,0
23251,19.565,2638,36,299,0,0
23501,19.836,2608,35,292,0,0
23751,20.142,2569,32,292,0,0
24001,20.402,2541,32,290,0,0
24251,20.666,2514,33,292,0,0
24501,20.968,2495,33,297,0,0
24751,21.275,2497,33,291,0,0
25001,21.549,2489,34,298,0,0
25251,21.849,2481,33,295,0,0
25501,22.146,2427,32,302,0,0
25751,22.451,2423,33,305,0,0
26001,22.76,2425,35,305,0,0
26251,23.025,2398,34,303,0,0
26501,23.37,2380,32,299,0,0
26751,23.644,2332,32,303,0,0
27001,23.95,2311,32,302,0,0
27251,24.237,2267,34,302,0,0
27501,24.576,2225,33,301,0,0
27751,24.895,2205,33,295,0,0
28001,25.229,2180,31,298,0,0
28251,25.561,2151,31,297,0,0
28501,25.907,2100,34,293,0,0
28751,26.25,2088,32,295,0,0
29001,26.598,2046,32,297,0,0
29251,26.989,2038,32,299,0,0
29501,27.304,2045,34,306,0,0
29751,27.625,2033,34,314,0,0
30001,27.966,2006,36,315,0,0
30251,28.341,1979,35,315,0,0
30501,28.668,1955,36,318,0,0
30751,28.971,1904,36,325,0,0
31001,29.352,1897,33,335,0,0
31251,29.739,1863,33,339,0,0
31501,30.116,1825,35,351,0,0
31751,30.539,1818,39,358,0,0
32001,30.899,1805,39,357,0,0
32251,31.318,1794,39,362,0,0
32501,31.685,1774,43,364,0,0
32751,32.084,1760,45,368,0,0
33001,32.433,1728,45,374,0,0
33251,32.786,1705,49,369,0,0
33501,33.166,1697,51,365,0,0
33751,33.556,1694,51,358,0,0
34001,33.938,1659,52,354,0,0
34251,34.323,1628,51,360,0,0
34501,34.73,1609,47,363,0,0
34751,35.148,1592,47,350,0,0
35001,35.562,1580,47,354,0,0
35251,35.968,1573,46,348,0,0
35501,36.427,1567,47,345,0,0
35751,36.847,1562,49,340,0,0
36001,37.285,1541,51,339,0,0
36251,37.715,1535,46,354,0,0
36501,38.149,1539,51,353,0,0
36751,38.545,1515,49,359,0,0
37001,38.996,1470,49,364,0,0
37251,39.448,1444,52,369,0,0
37501,39.921,1446,55,372,0,0
37751,40.371,1413,57,369,0,0
38001,40.856,1378,57,366,0,0
38251,41.25,1357,59,371,0,0
38501,41.708,1342,57,384,0,0
38751,42.163,1290,59,392,0,0
39001,42.677,1286,60,399,0,0
39251,43.167,1293,59,405,0,0
39501,43.653,1275,62,424,0,0
39751,44.131,1274,64,435,0,0
40001,44.625,1257,73,435,0,0
40251,45.119,1233,73,445,0,0
40501,45.575,1210,75,434,0,0
40751,46.053,1196,78,423,0,0
41001,46.544,1208,78,413,0,0
41251,47.012,1179,77,417,0,0
41501,47.482,1165,77,421,0,0
41751,47.984,1145,76,420,0,0
42001,48.473,1119,78,438,0,0
42251,48.949,1089,79,441,0,0
42501,49.467,1060,82,445,0,0
42751,49.995,1034,85,442,0,0
43001,50.509,1012,84,457,0,0
43251,51.079,983,82,462,0,0
43501,51.631,991,79,451,0,0
43751,52.139,956,83,462,0,0
44001,52.694,942,82,459,0,0
44251,53.319,933,83,455,0,0
44501,53.918,938,79,448,0,0
44751,54.513,925,82,446,0,0
45001,55.124,929,78,440,0,0
45251,55.68,916,77,446,0,0
45501,56.212,896,80,439,0,0
45751,56.815,895,79,453,0,0
46001,57.389,893,79,459,0,0
46251,58.023,887,71,459,0,0
46501,58.611,872,62,473,0,0
46751,59.234,878,65,480,0,0
47001,59.834,849,69,481,0,0
47251,60.418,827,69,473,0,0
47501,61.014,822,68,481,0,0
47751,61.571,791,71,491,0,0
48001,62.166,787,73,485,0,0
48251,62.788,760,73,498,0,0
48501,63.443,774,77,506,0,0
48751,64.095,761,75,505,0,0
49001,64.708,746,77,508,0,0
49251,65.353,721,78,530,0,0
49501,66.06,701,73,517,0,0
49751,66.67,676,69,512,0,0
50001,67.325,656,67,520,0,0
50251,67.967,635,66,542,0,0
50501,68.64,616,66,551,0,0
50751,69.473,599,69,531,0,0
51001,70.203,604,69,520,0,0
51251,70.916,599,71,525,0,0
51501,71.525,595,71,531,0,0
51751,72.254,570,70,539,0,0
52001,73.06,536,72,563,0,0
52251,73.708,531,71,567,0,0
52501,74.427,520,78,565,0,0
52751,75.201,505,79,579,0,0
53001,75.954,492,80,583,0,0
53251,76.694,482,90,569,0,0
53501,77.485,466,91,530,0,0
53751,78.195,461,85,539,0,0
54001,79.01,442,91,532,0,0
54251,79.828,439,92,534,0,0
54501,80.593,422,92,519,0,0
54751,81.53,406,95,534,0,0
55001,82.515,393,99,537,0,0
55251,83.27,378,105,532,0,0
55501,84.144,373,113,541,0,0
55751,85,364,116,531,0,0
56001,85.871,356,113,524,0,0
56251,86.824,335,115,527,0,0
56501,87.796,321,111,521,0,0
56751,88.821,324,116,507,0,0
57001,89.761,304,117,512,0,0
57251,90.682,294,119,518,0,0
57501,91.535,294,113,510,0,0
57751,92.619,286,111,526,0,0
58001,93.614,280,108,539,0,0
58251,94.671,279,108,546,0,0
58501,95.662,278,98,567,0,0
58751,96.667,272,100,565,0,0
59001,97.593,266,89,562,0,0
59251,98.625,272,99,582,0,0
59501,99.528,264,98,569,0,0
59751,100.46,255,92,586,0,0
60001,101.31,255,93,587,0,0
60251,102.25,248,90,587,0,0
60501,103.15,249,97,589,0,0
60751,104.09,247,96,606,0,0
61001,105.14,241,85,617,0,0
61251,106.12,229,79,623,0,0
61501,107.12,230,78,619,0,0
61751,108.01,225,77,631,0,0
62001,108.96,222,69,630,0,0
62251,109.94,209,75,651,0,0
62501,110.92,203,78,656,0,0
62751,111.85,191,82,654,0,0
63001,112.94,191,88,660,0,0
63251,113.92,187,83,675,0,0
63501,114.86,176,85,694,0,0
63751,115.79,176,82,721,0,0
64001,116.7,183,83,723,0,0
64251,117.66,171,80,714,0,0
64501,118.56,164,85,720,0,0
64751,119.58,171,90,726,0,0
65001,120.52,169,84,722,0,0
65251,121.43,155,84,734,0,0
65501,122.33,151,88,750,0,0
65751,123.23,148,86,755,0,0
66001,124.11,141,84,738,0,0
66251,125.03,141,87,735,0,0
66501,125.9,133,95,729,0,0
66751,126.86,127,104,738,0,0
67001,127.79,118,106,743,0,0
67251,128.74,116,108,741,0,0
67501,129.74,114,106,739,0,0
67751,130.67,117,118,752,0,0
68001,131.6,120,121,766,0,0
68251,132.6,112,116,777,0,0
68501,133.51,106,115,806,0,0
68751,134.34,98,111,808,0,0
69001,135.25,99,123,803,0,0
69251,136.21,105,119,817,0,0
69501,137.16,108,113,808,0,0
69751,138.13,110,123,828,0,0
70001,138.93,105,130,836,0,0
70251,139.72,97,133,845,0,0
70501,140.46,101,136,852,0,0
70751,141.28,97,133,861,0,0
71001,142.21,100,138,859,0,0
71251,143,91,132,844,0,0
71501,143.87,89,133,833,0,0
71751,144.76,89,125,831,0,0
72001,145.69,83,127,831,0,0
72251,146.58,85,127,845,0,0
72501,147.53,78,126,859,0,0
72751,148.38,77,130,880,0,0
73001,149.12,83,137,891,0,0
73251,149.97,83,144,896,0,0
73501,150.8,78,140,919,0,0
73751,151.61,76,129,932,0,0
74001,152.37,76,129,924,0,0
74251,153.18,82,130,947,0,0
74501,153.95,79,128,950,0,0
74751,154.8,84,130,931,0,0
75001,155.77,92,135,934,0,0
75251,156.55,93,133,931,0,0
75501,157.28,89,135,925,0,0
75751,158.18,81,146,934,0,0
76001,159.03,76,150,921,0,0
76251,159.82,70,149,912,0,0
76501,160.64,76,144,929,0,0
76751,161.49,71,141,927,0,0
77001,162.34,72,141,956,0,0
77251,163.17,72,146,949,0,0
77501,163.82,77,145,977,0,0
77751,164.61,81,147,979,0,0
78001,165.35,79,150,978,0,0
78251,166.15,77,152,984,0,0
78501,166.85,72,158,987,0,0
78751,167.65,70,150,1033,0,0
79001,168.32,73,151,1019,0,0
79251,169.03,76,159,1020,0,0
79501,169.86,79,157,1005,0,0
79751,170.59,76,165,1026,0,0
80001,171.27,69,170,1038,0,0
80251,171.93,68,163,1074,0,0
80501,172.57,68,159,1072,0,0
80751,173.23,62,165,1060,0,0
81001,173.91,51,170,1088,0,0
81251,174.61,52,179,1116,0,0
81501,175.32,48,173,1134,0,0
81751,175.98,45,171,1131,0,0
82001,176.73,42,173,1156,0,0
82251,177.43,38,172,1183,0,0
82501,178.07,32,172,1197,0,0
82751,178.72,34,170,1205,0,0
83001,179.37,36,165,1210,0,0
83251,180.01,31,164,1176,0,0
83501,180.68,28,174,1169,0,0
83751,181.37,28,180,1179,0,0
84001,181.98,26,176,1191,0,0
84251,182.71,24,171,1210,0,0
84501,183.43,24,176,1221,0,0
84751,184.09,23,181,1239,0,0
85001,184.72,24,175,1268,0,0
85251,185.27,25,181,1247,0,0
85501,185.84,25,186,1264,0,0
85751,186.45,28,193,1276,0,0
86001,187.09,25,195,1279,0,0
86251,187.69,27,198,1284,0,0
86501,188.32,26,187,1324,0,0
86751,188.93,24,190,1357,0,0
87001,189.46,24,196,1361,0,0
87251,190.07,24,191,1384,0,0
87501,190.63,22,189,1370,0,0
87751,191.25,19,195,1373,0,0
88001,191.89,19,199,1367,0,0
88251,192.46,18,202,1371,0,0
88501,193.03,18,206,1391,0,0
88751,193.6,18,206,1397,0,0
89001,194.18,17,208,1410,0,0
89251,194.75,15,215,1405,0,0
89501,195.31,15,217,1415,0,0
89751,195.84,15,213,1409,0,0
90001,196.43,14,206,1407,0,0
90251,196.95,13,196,1426,0,0
90501,197.47,13,191,1421,0,0
90751,198.04,11,183,1427,0,0
91001,198.63,10,177,1436,0,0
91251,199.21,11,183,1433,0,0
91501,199.79,11,189,1453,0,0
91751,200.31,11,197,1463,0,0
92001,200.86,13,195,1477,0,0
92251,201.37,11,198,1480,0,0
92501,201.95,11,191,1469,0,0
92751,202.44,11,191,1473,0,0
93001,202.96,9,192,1468,0,0
93251,203.49,9,197,1511,0,0
93501,203.97,9,205,1515,0,0
93751,204.49,10,205,1532,0,0
94001,205.05,10,212,1535,0,0
94251,205.56,10,221,1542,0,0
94501,206.13,10,222,1549,0,0
94751,206.62,10,224,1549,0,0
95001,207.17,10,225,1554,0,0
95251,207.68,11,223,1575,0,0
95501,208.24,10,220,1599,0,0
95751,208.77,10,224,1615,0,0
96001,209.26,8,214,1603,0,0
96251,209.79,9,220,1610,0,0
96501,210.27,8,214,1641,0,0
96751,210.74,7,213,1663,0,0
97001,211.23,6,215,1674,0,0
97251,211.67,6,215,1666,0,0
97501,212.16,7,218,1702,0,0
97751,212.61,7,212,1726,0,0
98001,213.07,7,221,1721,0,0
98251,213.57,7,216,1754,0,0
98501,214.04,5,219,1765,0,0
98751,214.48,7,210,1772,0,0
99001,214.97,8,215,1778,0,0
99251,215.49,8,222,1761,0,0
99501,215.98,7,225,1737,0,0
99751,216.43,7,225,1747,0,0
1e+05,216.92,8,226,1781,0,0
1.0025e+05,217.35,7,230,1804,0,0
1.005e+05,217.88,5,237,1773,0,0
1.0075e+05,218.32,5,243,1755,0,0
1.01e+05,218.81,5,243,1761,0,0
1.0125e+05,219.26,6,235,1776,0,0
1.015e+05,219.76,7,233,1769,0,0
1.0175e+05,220.24,9,237,1777,0,0
1.02e+05,220.69,9,230,1804,0,0
1.0225e+05,221.17,9,231,1803,0,0
1.025e+05,221.59,9,228,1814,0,0
1.0275e+05,222.02,9,228,1818,0,0
1.03e+05,222.46,9,235,1859,0,0
1.0325e+05,222.84,11,238,1864,0,0
1.035e+05,223.27,11,243,1871,0,0
1.0375e+05,223.73,9,248,1878,0,0
1.04e+05,224.18,10,249,1884,0,0
1.0425e+05,224.62,8,254,1885,0,0
1.045e+05,225.04,9,254,1886,0,0
1.0475e+05,225.47,9,253,1893,0,0
1.05e+05,225.92,9,253,1893,0,0
1.0525e+05,226.33,10,265,1916,0,0
1.055e+05,226.75,8,264,1929,0,0
1.0575e+05,227.19,8,260,1949,0,0
1.06e+05,227.61,8,267,1966,0,0
1.0625e+05,228.05,8,274,1983,0,0
1.065e+05,228.46,10,281,1992,0,0
1.0675e+05,228.88,10,285,1996,0,0
1.07e+05,229.29,11,284,2000,0,0
1.0725e+05,229.7,9,291,1981,0,0
1.075e+05,230.1,8,291,2000,0,0
1.0775e+05,230.52,8,288,2017,0,0
1.08e+05,230.91,7,296,2018,0,0
1.0825e+05,231.3,7,300,2010,0,0
1.085e+05,231.69,9,302,2014,0,0
1.0875e+05,232.07,9,305,1987,0,0
1.09e+05,232.43,9,308,1984,0,0
1.0925e+05,232.86,8,311,2020,0,0
1.095e+05,233.26,8,309,2032,0,0
1.0975e+05,233.67,10,310,2051,0,0
1.1e+05,234.09,10,311,2048,0,0
1.1025e+05,234.49,9,303,2065,0,0
1.105e+05,234.87,9,308,2096,0,0
1.1075e+05,235.29,8,310,2087,0,0
1.11e+05,235.68,7,311,2101,0,0
1.1125e+05,236.03,8,314,2095,0,0
1.115e+05,236.4,7,313,2099,0,0
1.1175e+05,236.81,7,321,2083,0,0
1.12e+05,237.22,6,325,2112,0,0
1.1225e+05,237.66,5,332,2132,0,0
1.125e+05,238.05,6,331,2110,0,0
1.1275e+05,238.41,6,339,2134,0,0
1.13e+05,238.81,6,336,2157,0,0
1.1325e+05,239.19,7,330,2184,0,0
1.135e+05,239.57,5,333,2181,0,0
1.1375e+05,239.96,3,343,2193,0,0
1.14e+05,240.33,3,347,2181,0,0
1.1425e+05,240.65,2,353,2182,0,0
1.145e+05,241.02,2,353,2192,0,0
1.1475e+05,241.41,2,344,2209,0,0
1.15e+05,241.76,2,350,2227,0,0
1.1525e+05,242.14,2,358,2241,0,0
1.155e+05,242.53,2,348,2243,0,0
1.1575e+05,242.9,2,346,2227,0,0
1.16e+05,243.24,1,340,2236,0,0
1.1625e+05,243.62,1,344,2234,0,0
1.165e+05,243.94,2,341,2246,0,0
1.1675e+05,244.31,2,339,2268,0,0
1.17e+05,244.65,2,338,2253,0,0
1.1725e+05,244.96,2,335,2246,0,0
1.175e+05,245.29,1,330,2266,0,0
1.1775e+05,245.69,1,327,2283,0,0
1.18e+05,246.02,1,334,2306,0,0
1.1825e+05,246.35,1,338,2304,0,0
1.185e+05,246.69,1,346,2308,0,0
1.1875e+05,247.02,1,350,2318,0,0
1.19e+05,247.39,1,340,2334,0,0
1.1925e+05,247.74,1,341,2365,0,0
1.195e+05,248.06,2,340,2383,0,0
1.1975e+05,248.4,2,337,2400,0,0
1.2e+05,248.76,2,337,2408,0,0
1.2025e+05,249.06,2,334,2407,0,0
1.205e+05,249.38,2,333,2430,0,0
1.2075e+05,249.72,2,339,2418,0,0
1.21e+05,250.08,1,340,2414,0,0
1.2125e+05,250.43,1,336,2410,0,0
1.215e+05,250.74,1,342,2422,0,0
1.2175e+05,251.12,1,349,2415,0,0
1.22e+05,251.47,1,344,2418,0,0
1.2225e+05,251.83,1,336,2424,0,0
1.225e+05,252.2,1,343,2441,0,0
1.2275e+05,252.54,1,345,2459,0,0
1.23e+05,252.87,1,345,2471,0,0
1.2325e+05,253.2,1,351,2473,0,0
1.235e+05,253.51,1,353,2463,0,0
1.2375e+05,253.87,2,356,2425,0,0
1.24e+05,254.2,2,351,2424,0,0
1.2425e+05,254.54,2,347,2444,0,0
1.245e+05,254.88,2,338,2469,0,0
1.2475e+05,255.22,2,342,2461,0,0
1.25e+05,255.52,2,343,2478,0,0
1.2525e+05,255.85,2,347,2494,0,0
1.255e+05,256.18,2,342,2517,0,0
1.2575e+05,256.51,2,344,2515,0,0
1.26e+05,256.86,3,341,2545,0,0
1.2625e+05,257.18,3,336,2564,0,0
1.265e+05,257.48,3,338,2556,0,0
1.2675e+05,257.82,3,340,2536,0,0
1.27e+05,258.13,4,345,2542,0,0
1.2725e+05,258.46,4,338,2549,0,0
1.275e+05,258.75,4,341,2564,0,0
1.2775e+05,259.06,3,347,2579,0,0
1.28e+05,259.4,2,347,2582,0,0
1.2825e+05,259.71,2,344,2593,0,0
1.285e+05,260.04,2,345,2592,0,0
1.2875e+05,260.33,2,347,2572,0,0
1.29e+05,260.67,2,344,2599,0,0
1.2925e+05,260.96,2,344,2593,0,0
1.295e+05,261.27,2,341,2586,0,0
1.2975e+05,261.61,2,342,2579,0,0
1.3e+05,261.95,2,340,2573,0,0
1.3025e+05,262.29,2,337,2574,0,0
1.305e+05,262.64,3,348,2598,0,0
1.3075e+05,262.94,3,343,2611,0,0
1.31e+05,263.23,3,344,2620,0,0
1.3125e+05,263.54,3,338,2630,0,0
1.315e+05,263.83,3,340,2622,0,0
1.3175e+05,264.12,3,357,2611,0,0
1.32e+05,264.43,3,351,2615,0,0
1.3225e+05,264.74,3,358,2656,0,0
1.325e+05,265.03,3,361,2675,0,0
1.3275e+05,265.34,3,369,2699,0,0
1.33e+05,265.64,3,371,2713,0,0
1.3325e+05,265.93,3,377,2723,0,0
1.335e+05,266.24,3,380,2718,0,0
1.3375e+05,266.51,3,382,2730,0,0
1.34e+05,266.81,3,377,2747,0,0
1.3425e+05,267.12,4,376,2753,0,0
1.345e+05,267.43,5,366,2764,0,0
1.3475e+05,267.73,5,371,2741,0,0
1.35e+05,268.02,4,375,2772,0,0
1.3525e+05,268.29,4,381,2768,0,0
1.355e+05,268.59,4,380,2789,0,0
1.3575e+05,268.88,3,385,2819,0,0
1.36e+05,269.19,3,388,2820,0,0
1.3625e+05,269.45,3,386,2848,0,0
1.365e+05,269.7,2,394,2871,0,0
1.3675e+05,269.98,2,393,2886,0,0
1.37e+05,270.27,2,394,2923,0,0
1.3725e+05,270.55,2,404,2911,0,0
1.375e+05,270.81,2,404,2931,0,0
1.3775e+05,271.08,2,408,2929,0,0
1.38e+05,271.37,2,415,2938,0,0
1.3825e+05,271.63,1,419,2941,0,0
1.385e+05,271.9,1,409,2927,0,0
1.3875e+05,272.18,1,407,2955,0,0
1.39e+05,272.43,1,413,2983,0,0
1.3925e+05,272.75,1,417,2989,0,0
1.395e+05,273.01,1,410,2984,0,0
1.3975e+05,273.28,1,413,2961,0,0
1.4e+05,273.56,1,416,2982,0,0
1.4025e+05,273.83,1,417,2997,0,0
1.405e+05,274.09,1,423,3005,0,0
1.4075e+05,274.35,1,431,3025,0,0
1.41e+05,274.61,1,434,3042,0,0
1.4125e+05,274.85,1,438,3050,0,0
1.415e+05,275.11,1,443,3067,0,0
1.4175e+05,275.34,1,448,3076,0,0
1.42e+05,275.62,1,444,3104,0,0
1.4225e+05,275.86,1,450,3098,0,0
1.425e+05,276.12,1,457,3119,0,0
1.4275e+05,276.39,1,449,3091,0,0
1.43e+05,276.65,1,450,3110,0,0
1.4325e+05,276.92,1,449,3117,0,0
1.435e+05,277.19,1,449,3123,0,0
1.4375e+05,277.46,1,446,3146,0,0
1.44e+05,277.74,1,447,3161,0,0
1.4425e+05,277.99,2,447,3144,0,0
1.445e+05,278.25,1,440,3150,0,0
1.4475e+05,278.5,1,444,3146,0,0
1.45e+05,278.76,1,436,3172,0,0
1.4525e+05,279.05,1,447,3201,0,0
1.455e+05,279.3,1,451,3215,0,0
1.4575e+05,279.52,1,459,3251,0,0
1.46e+05,279.76,1,456,3276,0,0
1.4625e+05,280.01,1,459,3289,0,0
1.465e+05,280.25,0,465,3288,0,0
1.4675e+05,280.48,0,465,3306,0,0
1.47e+05,280.74,0,459,3330,0,0
1.4725e+05,280.96,0,460,3325,0,0
1.475e+05,281.22,0,457,3328,0,0
1.4775e+05,281.46,0,460,3345,0,0
1.48e+05,281.69,0,462,3355,0,0
1.4825e+05,281.95,0,468,3361,0,0
1.485e+05,282.2,0,459,3372,0,0
1.4875e+05,282.44,0,454,3379,0,0
1.49e+05,282.67,0,445,3380,0,0
1.4925e+05,282.89,0,441,3396,0,0
1.495e+05,283.11,0,456,3387,0,0
1.4975e+05,283.36,0,453,3378,0,0
1.5e+05,283.62,0,447,3400,0,0
1.5025e+05,283.85,0,447,3402,0,0
1.505e+05,284.12,0,450,3399,0,0
1.5075e+05,284.36,0,456,3411,0,0
1.51e+05,284.61,0,461,3426,0,0
1.5125e+05,284.86,0,458,3431,0,0
1.515e+05,285.11,0,463,3434,0,0
1.5175e+05,285.35,0,454,3439,0,0
1.52e+05,285.59,0,454,3407,0,0
1.5225e+05,285.8,0,443,3426,0,0
1.525e+05,286.03,0,444,3447,0,0
1.5275e+05,286.26,0,444,3445,0,0
1.53e+05,286.49,0,445,3452,0,0
1.5325e+05,286.73,0,443,3434,0,0
1.535e+05,286.96,0,448,3471,0,0
1.5375e+05,287.21,0,454,3471,0,0
1.54e+05,287.42,0,468,3497,0,0
1.5425e+05,287.64,0,469,3494,0,0
1.545e+05,287.86,0,474,3493,0,0
1.5475e+05,288.1,0,470,3493,0,0
1.55e+05,288.33,0,470,3477,0,0
1.5525e+05,288.57,0,469,3482,0,0
1.555e+05,288.81,0,469,3482,0,0
1.5575e+05,289.04,0,472,3507,0,0
1.56e+05,289.25,0,469,3516,0,0
1.5625e+05,289.46,0,461,3504,0,0
1.565e+05,289.65,0,461,3502,0,0
1.5675e+05,289.83,0,452,3501,0,0
1.57e+05,290.01,0,455,3464,0,0
1.5725e+05,290.2,0,456,3427,0,0
1.575e+05,290.38,0,455,3378,0,0
1.5775e+05,290.55,0,461,3340,0,0
1.5775e+05,290.56,0,461,3339,0,0
1.58e+05,290.72,0,470,3311,0,0
1.5825e+05,290.89,0,470,3293,0,0
1.585e+05,291.06,0,466,3267,0,0
1.5875e+05,291.25,0,467,3252,0,0
1.59e+05,291.46,0,474,3253,0,0
1.5925e+05,291.64,0,470,3243,0,0
1.595e+05,291.84,0,461,3224,0,0
1.5975e+05,292.02,0,461,3188,0,0
1.6e+05,292.19,0,464,3187,0,0
1.6e+05,292.19,0,431,3186,0,33
1.6025e+05,292.37,0,428,3161,0,32
1.605e+05,292.57,0,439,3138,0,32
1.605e+05,292.57,0,439,3137,0,32
1.605e+05,292.57,0,439,3137,0,32
1.6075e+05,292.75,0,440,3140,0,31
1.6075e+05,292.75,0,440,3141,0,31
1.61e+05,292.94,0,443,3146,0,30
1.6125e+05,293.12,0,446,3132,0,27
1.615e+05,293.3,0,445,3127,0,27
1.6175e+05,293.46,0,448,3106,0,27
1.62e+05,293.63,0,435,3075,0,19
1.6225e+05,293.8,0,441,3062,0,20
1.625e+05,294,0,445,3042,0,22
1.6275e+05,294.19,0,446,3053,0,22
1.63e+05,294.37,0,454,3042,0,21
1.6325e+05,294.55,0,457,3027,0,21
1.6325e+05,294.55,0,457,3026,0,21
1.635e+05,294.72,0,464,3020,0,21
1.6375e+05,294.93,0,464,2992,0,23
1.64e+05,295.13,0,466,2977,0,24
1.64e+05,295.13,0,466,2976,0,24
1.64e+05,295.13,0,466,2976,0,24
1.6425e+05,295.29,0,471,2951,0,23
1.645e+05,295.48,0,480,2943,0,26
1.6475e+05,295.69,0,478,2953,0,24
1.65e+05,295.88,0,490,2925,0,22
1.65e+05,295.88,0,460,2926,0,52
1.6525e+05,296.04,0,457,2923,0,53
1.6525e+05,296.04,0,458,2923,0,53
1.655e+05,296.23,0,456,2924,0,51
1.6575e+05,296.4,0,454,2897,0,52
1.66e+05,296.59,0,447,2858,0,52
1.6625e+05,296.77,0,449,2831,0,49
1.6625e+05,296.77,0,449,2830,0,49
1.665e+05,296.95,0,447,2823,0,51
1.6675e+05,297.15,0,448,2823,0,54
1.6675e+05,297.15,0,448,2822,0,54
1.67e+05,297.34,0,445,2801,0,53
1.6725e+05,297.54,0,443,2809,0,55
1.675e+05,297.74,0,452,2806,0,57
1.6775e+05,297.94,0,452,2763,0,54
1.68e+05,298.11,0,456,2757,0,56
1.6825e+05,298.29,0,461,2720,0,56
1.685e+05,298.49,0,459,2717,0,55
1.685e+05,298.49,0,459,2716,0,55
1.6875e+05,298.67,0,465,2700,0,54
1.69e+05,298.87,0,475,2692,0,54
1.6925e+05,299.07,0,469,2684,0,52
1.695e+05,299.28,0,479,2665,0,53
1.695e+05,299.28,0,479,2664,0,53
1.6975e+05,299.48,0,468,2637,0,52
1.7e+05,299.69,0,469,2634,0,50
1.7025e+05,299.91,0,468,2599,0,44
1.705e+05,300.13,0,466,2597,0,42
1.7075e+05,300.34,0,470,2597,0,38
1.71e+05,300.55,0,467,2589,0,37
1.7125e+05,300.74,0,464,2570,0,39
1.715e+05,300.95,0,462,2566,0,37
1.715e+05,300.96,0,462,2567,0,37
1.7175e+05,301.18,0,453,2560,0,38
1.72e+05,301.39,0,457,2553,0,39
1.7225e+05,301.58,0,465,2555,0,45
1.725e+05,301.79,0,469,2550,0,46
1.7275e+05,301.98,0,468,2538,0,43
1.7275e+05,301.98,0,468,2539,0,43
1.73e+05,302.19,0,476,2512,0,39
1.7325e+05,302.39,0,468,2512,0,37
1.735e+05,302.61,0,470,2460,0,37
1.735e+05,302.61,0,470,2461,0,37
1.7375e+05,302.8,0,481,2464,0,36
1.74e+05,302.98,0,482,2466,0,33
1.7425e+05,303.19,0,481,2456,0,34
1.745e+05,303.41,0,482,2445,0,34
1.7475e+05,303.63,0,491,2446,0,34
1.7475e+05,303.63,0,491,2445,0,34
1.75e+05,303.87,0,504,2424,0,35
1.7525e+05,304.06,0,502,2410,0,37
1.7525e+05,304.06,0,502,2409,0,37
1.755e+05,304.27,0,497,2363,0,37
1.7575e+05,304.46,0,500,2348,0,39
1.76e+05,304.68,0,503,2308,0,42
1.7625e+05,304.94,0,517,2296,0,40
1.765e+05,305.16,0,514,2284,0,41
1.7675e+05,305.39,0,510,2283,0,42
1.7675e+05,305.39,0,510,2284,0,42
1.77e+05,305.62,0,510,2296,0,39
1.7725e+05,305.84,0,496,2285,0,38
1.775e+05,306.08,0,499,2286,0,38
1.7775e+05,306.29,0,501,2263,0,37
1.78e+05,306.48,0,494,2236,0,35
1.7825e+05,306.7,0,504,2185,0,34
1.785e+05,306.9,0,517,2158,0,34
1.7875e+05,307.14,0,510,2146,0,31
1.79e+05,307.4,0,507,2138,0,28
1.79e+05,307.41,0,507,2139,0,28
1.7925e+05,307.66,0,518,2137,0,28
1.795e+05,307.9,0,520,2129,0,30
1.795e+05,307.91,0,520,2130,0,30
1.7975e+05,308.13,0,515,2116,0,28
1.8e+05,308.4,0,510,2095,0,26
1.8e+05,308.4,0,500,2094,0,36
1.8025e+05,308.62,0,503,2086,0,36
1.805e+05,308.9,0,520,2075,0,36
1.8075e+05,309.14,0,523,2084,0,36
1.8075e+05,309.14,0,523,2085,0,36
1.81e+05,309.39,0,531,2090,0,36
1.81e+05,309.39,0,531,2089,0,36
1.8125e+05,309.63,0,521,2073,0,37
1.815e+05,309.86,0,521,2063,0,37
1.8175e+05,310.12,0,525,2058,0,38
1.82e+05,310.36,0,526,2048,0,41
1.8225e+05,310.63,0,520,2030,0,39
1.825e+05,310.87,0,529,2031,0,39
1.8275e+05,311.12,0,539,2003,0,37
1.8275e+05,311.12,0,539,2002,0,37
1.83e+05,311.38,0,540,1984,0,33
1.8325e+05,311.65,0,547,1967,0,29
1.835e+05,311.93,0,556,1945,0,26
1.8375e+05,312.16,0,551,1922,0,28
1.84e+05,312.42,0,550,1905,0,24
1.84e+05,312.42,0,551,1905,0,24
1.8425e+05,312.71,0,554,1883,0,22
1.845e+05,312.98,0,562,1853,0,24
1.8475e+05,313.24,0,558,1841,0,26
1.8475e+05,313.24,0,558,1842,0,26
1.85e+05,313.5,0,574,1814,0,27
1.8525e+05,313.79,0,566,1801,0,50
1.855e+05,314.05,0,561,1803,0,53
1.8575e+05,314.34,0,571,1787,0,59
1.8575e+05,314.35,0,572,1787,0,59
1.8575e+05,314.35,0,572,1787,0,59
1.86e+05,314.59,0,569,1752,0,60
1.86e+05,314.59,0,569,1753,0,60
1.8625e+05,314.86,0,554,1731,0,56
1.8625e+05,314.86,0,555,1731,0,56
1.865e+05,315.13,0,551,1689,0,55
1.865e+05,315.13,0,552,1689,0,55
1.8675e+05,315.42,0,554,1692,0,51
1.87e+05,315.69,0,559,1676,0,52
1.8725e+05,315.93,0,554,1661,0,50
1.875e+05,316.23,0,547,1652,0,46
1.875e+05,316.23,0,548,1652,0,46
1.8775e+05,316.5,0,545,1655,0,47
1.88e+05,316.8,0,557,1640,0,50
1.8825e+05,317.05,0,560,1627,0,52
1.885e+05,317.37,0,562,1630,0,51
1.8875e+05,317.64,0,563,1621,0,47
1.89e+05,317.97,0,545,1608,0,46
1.89e+05,317.97,0,545,1608,0,45
1.89e+05,317.97,0,545,1608,0,45
1.8925e+05,318.23,0,554,1584,0,47
1.895e+05,318.59,0,570,1582,0,45
1.895e+05,318.59,0,570,1582,0,44
1.8975e+05,318.91,0,570,1578,0,43
1.9e+05,319.21,0,565,1538,0,40
1.9025e+05,319.54,0,575,1548,0,36
1.905e+05,319.84,0,585,1538,0,36
1.9075e+05,320.13,0,582,1535,0,36
1.91e+05,320.44,0,579,1513,0,37
1.9125e+05,320.71,0,581,1531,0,35
1.915e+05,321.02,0,595,1535,0,31
1.915e+05,321.02,0,595,1534,0,31
1.9175e+05,321.34,0,607,1501,0,29
1.92e+05,321.67,0,618,1489,0,28
1.9225e+05,321.99,0,610,1483,0,26
1.925e+05,322.33,0,613,1450,0,24
1.9275e+05,322.62,0,622,1426,0,25
1.93e+05,322.93,0,641,1420,0,24
1.9325e+05,323.24,0,652,1415,0,22
1.935e+05,323.59,0,652,1407,0,20
1.935e+05,323.59,0,653,1407,0,20
1.9375e+05,323.91,0,640,1387,0,20
1.9375e+05,323.91,0,639,1387,0,20
1.94e+05,324.22,0,635,1374,0,22
1.9425e+05,324.57,0,638,1389,0,22
1.945e+05,324.93,0,641,1356,0,20
1.9475e+05,325.26,0,639,1332,0,22
1.95e+05,325.63,0,641,1349,0,21
1.9525e+05,325.98,0,625,1328,0,28
1.955e+05,326.33,0,638,1335,0,26
1.9575e+05,326.65,0,651,1339,0,31
1.96e+05,327.04,0,657,1325,0,31
1.9625e+05,327.36,0,673,1298,0,30
1.965e+05,327.71,0,684,1290,0,27
1.9675e+05,328.07,0,688,1291,0,26
1.97e+05,328.4,0,693,1279,0,25
1.9725e+05,328.75,0,703,1275,0,25
1.975e+05,329.12,0,695,1227,0,25
1.975e+05,329.12,0,695,1226,0,25
1.9775e+05,329.51,0,698,1213,0,26
1.98e+05,329.88,0,708,1214,0,29
1.98e+05,329.89,0,709,1214,0,29
1.9825e+05,330.21,0,709,1196,0,30
1.985e+05,330.57,0,713,1182,0,32
1.9875e+05,330.98,0,718,1169,0,34
1.99e+05,331.36,0,717,1173,0,31
1.9925e+05,331.73,0,717,1136,0,28
1.995e+05,332.15,0,724,1125,0,26
1.995e+05,332.15,0,725,1125,0,26
1.9975e+05,332.52,0,735,1125,0,27
2e+05,332.97,0,737,1101,0,27
2.0025e+05,333.36,0,741,1085,0,25
2.005e+05,333.71,0,752,1073,0,26
2.0075e+05,334.09,0,767,1073,0,27
2.01e+05,334.47,0,778,1046,0,27
2.0125e+05,334.82,0,778,1028,0,25
2.015e+05,335.23,0,780,1047,0,24
2.0175e+05,335.63,0,772,1074,0,23
2.02e+05,336.04,0,779,1069,0,21
2.0225e+05,336.4,0,789,1060,0,22
2.025e+05,336.85,0,798,1042,0,23
2.0275e+05,337.23,0,809,1023,0,23
2.03e+05,337.62,0,823,1005,0,23
2.0325e+05,338.04,0,822,993,0,22
2.035e+05,338.46,0,829,971,0,21
2.0375e+05,338.91,0,815,943,0,21
2.04e+05,339.37,0,829,920,0,20
2.0425e+05,339.81,0,821,890,0,18
2.045e+05,340.25,0,830,885,0,16
2.0475e+05,340.7,0,835,870,0,16
2.05e+05,341.12,0,827,861,0,15
2.0525e+05,341.54,0,797,843,0,41
2.055e+05,342,0,792,809,0,40
2.055e+05,342,0,792,808,0,40
2.0575e+05,342.42,0,806,808,0,37
2.06e+05,342.89,0,802,786,0,35
2.0625e+05,343.33,0,808,791,0,34
2.065e+05,343.77,0,815,798,0,36
2.0675e+05,344.21,0,816,788,0,35
2.0675e+05,344.21,0,817,788,0,35
2.07e+05,344.65,0,818,767,0,36
2.0725e+05,345.08,0,818,739,0,34
2.075e+05,345.59,0,812,718,0,31
2.0775e+05,346.11,0,819,709,0,29
2.08e+05,346.57,0,817,721,0,31
2.0825e+05,347.05,0,839,720,0,30
2.085e+05,347.59,0,845,692,0,30
2.0875e+05,348.13,0,869,683,0,29
2.09e+05,348.6,0,862,678,0,29
2.0925e+05,349.15,0,839,679,0,31
2.095e+05,349.66,0,843,667,0,31
2.0975e+05,350.21,0,859,663,0,31
2.1e+05,350.7,0,870,651,0,34
2.1025e+05,351.21,0,895,650,0,20
2.105e+05,351.73,0,886,641,0,20
2.1075e+05,352.29,0,871,615,0,21
2.11e+05,352.83,0,891,612,0,20
2.1125e+05,353.33,0,891,611,0,21
2.115e+05,353.85,0,887,612,0,18
2.1175e+05,354.36,0,895,604,0,20
2.12e+05,354.85,0,894,606,0,21
2.12e+05,354.85,0,895,606,0,21
2.12e+05,354.85,0,895,606,0,21
2.1225e+05,355.35,0,893,592,0,20
2.125e+05,355.9,0,905,580,0,18
2.1275e+05,356.4,0,909,572,0,18
2.13e+05,356.91,0,919,563,0,15
2.13e+05,356.91,0,919,564,0,15
2.1325e+05,357.48,0,922,557,0,14
2.135e+05,357.99,0,912,549,0,14
2.1375e+05,358.55,0,929,540,0,12
2.14e+05,359.1,0,926,538,0,11
2.1425e+05,359.62,0,940,523,0,10
2.145e+05,360.17,0,955,489,0,11
2.1475e+05,360.79,0,968,500,0,13
2.15e+05,361.39,0,968,494,0,15
2.15e+05,361.39,0,957,494,0,27
2.1525e+05,361.92,0,973,494,0,26
2.155e+05,362.5,0,980,478,0,27
2.1575e+05,363.05,0,977,473,0,25
2.16e+05,363.61,0,974,456,0,23
2.1625e+05,364.16,0,958,463,0,26
2.165e+05,364.69,0,958,444,0,25
2.1675e+05,365.27,0,960,429,0,22
2.17e+05,365.83,0,959,433,0,21
2.1725e+05,366.44,0,967,416,0,20
2.175e+05,367.03,0,983,400,0,22
2.1775e+05,367.66,0,993,389,0,23
2.18e+05,368.25,0,1004,375,0,22
2.1825e+05,368.9,0,1021,365,0,23
2.185e+05,369.49,0,1028,373,0,20
2.1875e+05,370.09,0,1039,360,0,18
2.19e+05,370.73,0,1071,339,0,19
2.1925e+05,371.32,0,1073,338,0,20
2.195e+05,371.92,0,1088,316,0,21
2.1975e+05,372.5,0,1098,321,0,22
2.2e+05,373.1,0,1135,322,0,20
2.2025e+05,373.63,0,1152,315,0,14
2.205e+05,374.2,0,1165,298,0,14
2.2075e+05,374.77,0,1156,279,0,14
2.21e+05,375.29,0,1129,276,0,14
2.2125e+05,375.79,0,1130,285,0,14
2.215e+05,376.36,0,1143,285,0,13
2.2175e+05,376.96,0,1134,280,0,13
2.22e+05,377.47,0,1136,274,0,15
2.2225e+05,378.09,0,1141,269,0,17
2.225e+05,378.72,0,1169,275,0,17
2.2275e+05,379.36,0,1167,260,0,16
2.23e+05,379.97,0,1180,257,0,16
2.2325e+05,380.59,0,1185,253,0,19
2.235e+05,381.18,0,1212,256,0,21
2.235e+05,381.19,0,1211,256,0,21
2.2375e+05,381.71,0,1236,247,0,18
2.24e+05,382.31,0,1246,248,0,19
2.2425e+05,382.86,0,1248,237,0,18
2.245e+05,383.41,0,1246,228,0,19
2.2475e+05,384.01,0,1251,230,0,18
2.25e+05,384.66,0,1286,217,0,18
2.2525e+05,385.26,0,1274,220,0,19
2.255e+05,385.82,0,1294,215,0,18
2.2575e+05,386.39,0,1309,218,0,16
2.26e+05,387,0,1300,224,0,15
2.26e+05,387.01,0,1299,224,0,15
2.2625e+05,387.6,0,1299,227,0,13
2.265e+05,388.22,0,1324,223,0,14
2.2675e+05,388.8,0,1362,227,0,14
2.27e+05,389.35,0,1367,219,0,15
2.2725e+05,389.85,0,1402,227,0,16
2.275e+05,390.34,0,1388,229,0,16
2.2775e+05,390.89,0,1378,225,0,16
2.28e+05,391.41,0,1386,218,0,15
2.2825e+05,392.02,0,1395,217,0,15
2.285e+05,392.58,0,1413,218,0,14
2.2875e+05,393.07,0,1404,218,0,15
2.29e+05,393.64,0,1400,205,0,14
2.2925e+05,394.24,0,1397,194,0,12
2.295e+05,394.74,0,1414,193,0,12
2.2975e+05,395.25,0,1427,198,0,12
2.3e+05,395.78,0,1445,198,0,10
2.3025e+05,396.32,0,1430,197,0,24
2.305e+05,396.91,0,1425,193,0,25
2.3075e+05,397.43,0,1415,188,0,24
2.31e+05,397.94,0,1422,186,0,25
2.3125e+05,398.43,0,1450,186,0,25
2.315e+05,398.96,0,1454,177,0,26
2.3175e+05,399.53,0,1464,169,0,24
2.32e+05,400.09,0,1499,172,0,24
2.3225e+05,400.63,0,1509,177,0,21
2.325e+05,401.12,0,1519,167,0,23
2.3275e+05,401.66,0,1519,162,0,22
2.33e+05,402.2,0,1521,166,0,22
2.3325e+05,402.68,0,1534,167,0,22
2.335e+05,403.18,0,1547,160,0,18
2.3375e+05,403.77,0,1523,164,0,18
2.34e+05,404.28,0,1502,156,0,17
2.3425e+05,404.83,0,1508,156,0,17
2.345e+05,405.37,0,1518,148,0,15
2.3475e+05,405.94,0,1534,141,0,16
2.35e+05,406.45,0,1551,136,0,18
2.3525e+05,407.02,0,1554,138,0,19
2.355e+05,407.54,0,1556,140,0,19
2.3575e+05,408.08,0,1573,140,0,16
2.36e+05,408.65,0,1572,140,0,15
2.3625e+05,409.11,0,1572,140,0,13
2.365e+05,409.62,0,1575,145,0,13
2.3675e+05,410.17,0,1611,140,0,12
2.37e+05,410.67,0,1633,138,0,12
2.3725e+05,411.15,0,1649,137,0,13
2.375e+05,411.66,0,1665,138,0,12
2.3775e+05,412.17,0,1681,137,0,11
2.38e+05,412.66,0,1685,143,0,9
2.3825e+05,413.1,0,1680,146,0,9
2.385e+05,413.61,0,1681,140,0,10
2.3875e+05,414.09,0,1693,132,0,12
2.39e+05,414.62,0,1684,129,0,12
2.3925e+05,415.07,0,1705,126,0,12
2.395e+05,415.53,0,1724,129,0,12
2.3975e+05,415.99,0,1750,129,0,12
2.4e+05,416.46,0,1737,129,0,11
2.4025e+05,416.96,0,1736,123,0,10
2.405e+05,417.41,0,1739,113,0,9
2.4075e+05,417.91,0,1753,109,0,7
2.41e+05,418.34,0,1780,112,0,7
2.4125e+05,418.81,0,1784,111,0,8
2.415e+05,419.31,0,1791,113,0,9
2.4175e+05,419.79,0,1823,111,0,9
2.42e+05,420.24,0,1830,109,0,10
2.4225e+05,420.69,0,1863,112,0,10
2.425e+05,421.13,0,1874,116,0,9
2.4275e+05,421.59,0,1879,110,0,8
2.43e+05,422.07,0,1887,108,0,10
2.4325e+05,422.55,0,1916,105,0,8
2.435e+05,422.95,0,1926,107,0,8
2.4375e+05,423.42,0,1944,105,0,8
2.44e+05,423.85,0,1969,105,0,9
2.4425e+05,424.3,0,1982,104,0,9
2.445e+05,424.74,0,1986,97,0,10
2.4475e+05,425.16,0,2010,99,0,10
2.45e+05,425.58,0,2004,97,0,10
2.4525e+05,426.01,0,2039,100,0,12
2.455e+05,426.39,0,2043,97,0,9
2.4575e+05,426.83,0,2063,99,0,9
2.46e+05,427.23,0,2054,96,0,9
2.4625e+05,427.66,0,2028,97,0,8
2.465e+05,428.06,0,2032,99,0,8
2.4675e+05,428.47,0,2054,98,0,7
2.47e+05,428.88,0,2036,95,0,6
2.4725e+05,429.3,0,2029,97,0,7
2.475e+05,429.76,0,2033,92,0,4
2.4775e+05,430.16,0,2041,91,0,3
2.48e+05,430.61,0,2059,88,0,2
2.4825e+05,431.01,0,2060,91,0,2
2.485e+05,431.4,0,2063,86,0,2
2.4875e+05,431.82,0,2049,86,0,2
2.49e+05,432.25,0,2077,84,0,2
2.4925e+05,432.68,0,2093,80,0,2
2.4925e+05,432.69,0,2094,80,0,2
2.495e+05,433.12,0,2087,83,0,3
2.4975e+05,433.61,0,2132,88,0,3
2.5e+05,433.99,0,2156,89,0,4
2.5025e+05,434.41,0,2173,89,0,15
2.505e+05,434.82,0,2202,89,0,16
2.5075e+05,435.19,0,2259,87,0,17
2.51e+05,435.61,0,2259,86,0,16
2.5125e+05,435.98,0,2275,85,0,15
2.515e+05,436.37,0,2272,87,0,14
2.5175e+05,436.76,0,2319,84,0,14
2.52e+05,437.17,0,2336,82,0,13
2.5225e+05,437.53,0,2343,78,0,12
2.525e+05,437.89,0,2343,76,0,14
2.5275e+05,438.27,0,2358,79,0,14
2.53e+05,438.64,0,2367,78,0,14
2.5325e+05,438.99,0,2382,74,0,13
2.535e+05,439.36,0,2396,73,0,12
2.5375e+05,439.71,0,2414,74,0,13
2.54e+05,440.1,0,2419,71,0,13
2.5425e+05,440.43,0,2409,70,0,14
2.545e+05,440.83,0,2408,65,0,14
2.5475e+05,441.2,0,2403,65,0,15
2.55e+05,441.52,0,2437,64,0,14
2.5525e+05,441.88,0,2476,62,0,11
2.555e+05,442.23,0,2483,61,0,11
2.5575e+05,442.57,0,2478,56,0,11
2.56e+05,442.89,0,2494,54,0,9
2.5625e+05,443.26,0,2512,55,0,8
2.565e+05,443.63,0,2512,55,0,10
2.5675e+05,443.96,0,2535,53,0,9
2.57e+05,444.28,0,2538,56,0,9
2.5725e+05,444.66,0,2556,50,0,9
2.575e+05,445.01,0,2557,53,0,9
2.5775e+05,445.37,0,2580,53,0,8
2.58e+05,445.74,0,2590,51,0,8
2.5825e+05,446.08,0,2598,51,0,8
2.585e+05,446.39,0,2613,53,0,7
2.5875e+05,446.75,0,2625,57,0,7
2.59e+05,447.08,0,2636,56,0,7
2.5925e+05,447.42,0,2620,58,0,7
2.595e+05,447.78,0,2631,58,0,6
2.5975e+05,448.1,0,2618,59,0,6
2.6e+05,448.44,0,2654,55,0,6
2.6025e+05,448.79,0,2639,55,0,11
2.605e+05,449.12,0,2634,58,0,11
2.6075e+05,449.46,0,2663,57,0,11
2.61e+05,449.76,0,2673,54,0,10
2.6125e+05,450.1,0,2703,56,0,10
2.615e+05,450.45,0,2716,60,0,11
2.6175e+05,450.76,0,2738,60,0,9
2.62e+05,451.07,0,2746,58,0,9
2.6225e+05,451.38,0,2749,55,0,9
2.625e+05,451.74,0,2715,55,0,9
2.6275e+05,452.09,0,2725,51,0,9
2.63e+05,452.38,0,2733,51,0,7
2.6325e+05,452.72,0,2766,50,0,5
2.635e+05,453.07,0,2790,48,0,5
2.6375e+05,453.36,0,2776,48,0,5
2.64e+05,453.66,0,2786,46,0,5
2.6425e+05,454,0,2789,45,0,5
2.645e+05,454.31,0,2795,45,0,5
2.6475e+05,454.65,0,2811,44,0,6
2.65e+05,455,0,2843,45,0,7
2.6525e+05,455.32,0,2808,49,0,16
2.655e+05,455.66,0,2819,43,0,15
2.6575e+05,455.99,0,2818,43,0,16
2.66e+05,456.31,0,2851,43,0,15
2.6625e+05,456.62,0,2869,44,0,18
2.665e+05,456.92,0,2887,44,0,18
2.6675e+05,457.22,0,2877,44,0,20
2.67e+05,457.52,0,2906,44,0,21
2.6725e+05,457.8,0,2922,42,0,21
2.675e+05,458.11,0,2969,40,0,18
2.6775e+05,458.4,0,3010,39,0,18
2.68e+05,458.68,0,3017,40,0,16
2.6825e+05,459,0,3022,40,0,13
2.685e+05,459.34,0,3055,40,0,14
2.6875e+05,459.62,0,3050,39,0,14
2.69e+05,459.91,0,3065,39,0,15
2.6925e+05,460.18,0,3091,39,0,17
2.695e+05,460.47,0,3112,40,0,17
2.6975e+05,460.77,0,3142,41,0,18
2.7e+05,461.08,0,3140,37,0,16
2.7025e+05,461.36,0,3149,36,0,8
2.705e+05,461.64,0,3150,35,0,8
2.7075e+05,461.9,0,3161,34,0,6
2.71e+05,462.19,0,3163,36,0,6
2.7125e+05,462.5,0,3184,37,0,6
2.715e+05,462.77,0,3200,38,0,5
2.7175e+05,463.07,0,3209,38,0,6
2.72e+05,463.37,0,3210,37,0,6
2.7225e+05,463.64,0,3218,37,0,6
2.725e+05,463.92,0,3214,36,0,7
2.7275e+05,464.22,0,3235,39,0,7
2.73e+05,464.51,0,3243,37,0,7
2.7325e+05,464.78,0,3278,35,0,6
2.735e+05,465.07,0,3272,35,0,6
2.7375e+05,465.35,0,3290,35,0,6
2.74e+05,465.63,0,3329,34,0,6
2.7425e+05,465.9,0,3341,32,0,6
2.745e+05,466.16,0,3334,32,0,7
2.7475e+05,466.46,0,3315,31,0,7
2.75e+05,466.76,0,3317,31,0,7
2.7525e+05,467.08,0,3321,32,0,12
2.755e+05,467.35,0,3354,32,0,13
2.7575e+05,467.63,0,3372,32,0,13
2.76e+05,467.9,0,3365,33,0,13
2.7625e+05,468.15,0,3399,33,0,13
2.765e+05,468.43,0,3413,33,0,15
2.7675e+05,468.68,0,3426,31,0,12
2.77e+05,468.94,0,3425,31,0,13
2.7725e+05,469.21,0,3443,29,0,11
2.775e+05,469.5,0,3459,27,0,11
2.7775e+05,469.76,0,3456,29,0,12
2.78e+05,470.04,0,3434,28,0,11
2.7825e+05,470.29,0,3434,27,0,10
2.785e+05,470.55,0,3442,28,0,9
2.7875e+05,470.81,0,3457,27,0,9
2.79e+05,471.07,0,3442,27,0,10
2.7925e+05,471.35,0,3464,29,0,12
2.795e+05,471.62,0,3479,31,0,11
2.7975e+05,471.89,0,3491,31,0,13
2.8e+05,472.15,0,3512,31,0,14
2.8025e+05,472.46,0,3545,31,0,7
2.805e+05,472.72,0,3577,32,0,6
2.8075e+05,473,0,3577,30,0,6
2.81e+05,473.25,0,3574,31,0,6
2.8125e+05,473.51,0,3585,30,0,8
2.815e+05,473.77,0,3579,30,0,6
2.8175e+05,474.03,0,3603,32,0,6
2.82e+05,474.27,0,3618,31,0,6
2.82e+05,474.27,0,3619,31,0,6
2.8225e+05,474.55,0,3632,31,0,6
2.825e+05,474.8,0,3639,32,0,6
2.8275e+05,475.06,0,3642,31,0,6
2.83e+05,475.32,0,3659,30,0,6
2.8325e+05,475.56,0,3662,33,0,6
2.835e+05,475.83,0,3655,34,0,6
2.8375e+05,476.1,0,3668,32,0,7
2.84e+05,476.34,0,3657,31,0,7
2.8425e+05,476.58,0,3651,31,0,7
2.845e+05,476.86,0,3645,32,0,6
2.8475e+05,477.12,0,3645,28,0,6
2.85e+05,477.38,0,3654,27,0,6
2.8525e+05,477.62,0,3680,27,0,8
2.855e+05,477.86,0,3708,27,0,8
2.8575e+05,478.11,0,3707,26,0,10
2.86e+05,478.34,0,3708,25,0,12
2.8625e+05,478.59,0,3669,26,0,12
2.865e+05,478.79,0,3683,27,0,13
2.8675e+05,479.05,0,3696,24,0,15
2.87e+05,479.3,0,3694,24,0,15
2.8725e+05,479.55,0,3667,24,0,16
2.875e+05,479.81,0,3675,28,0,14
2.8775e+05,480.07,0,3673,29,0,15
2.88e+05,480.32,0,3668,28,0,15
2.8825e+05,480.58,0,3687,26,0,16
2.885e+05,480.84,0,3695,25,0,15
2.8875e+05,481.07,0,3726,26,0,13
2.89e+05,481.33,0,3746,24,0,13
2.8925e+05,481.58,0,3716,26,0,13
2.895e+05,481.86,0,3738,26,0,13
2.8975e+05,482.1,0,3748,26,0,13
2.9e+05,482.36,0,3750,27,0,12
2.9025e+05,482.6,0,3772,29,0,12
2.905e+05,482.87,0,3786,31,0,12
2.9075e+05,483.15,0,3789,28,0,12
2.91e+05,483.37,0,3806,25,0,14
2.9125e+05,483.61,0,3809,25,0,15
2.915e+05,483.84,0,3830,23,0,14
2.9175e+05,484.09,0,3832,21,0,14
2.92e+05,484.34,0,3854,22,0,13
2.9225e+05,484.57,0,3855,23,0,13
2.925e+05,484.81,0,3871,25,0,13
2.9275e+05,485.04,0,3874,24,0,13
2.93e+05,485.28,0,3876,22,0,13
2.9325e+05,485.53,0,3865,22,0,14
2.935e+05,485.78,0,3860,20,0,15
2.9375e+05,486.01,0,3866,20,0,15
2.94e+05,486.24,0,3879,19,0,15
2.9425e+05,486.45,0,3897,18,0,14
2.945e+05,486.7,0,3909,17,0,15
2.9475e+05,486.94,0,3917,16,0,14
2.95e+05,487.19,0,3923,13,0,15
2.9525e+05,487.4,0,3921,12,0,6
2.955e+05,487.61,0,3926,11,0,6
2.9575e+05,487.84,0,3938,11,0,6
2.96e+05,488.05,0,3943,11,0,7
2.9625e+05,488.26,0,3954,12,0,7
2.965e+05,488.48,0,3978,10,0,7
2.9675e+05,488.72,0,3977,9,0,7
2.97e+05,488.95,0,3976,8,0,7
2.9725e+05,489.2,0,3970,9,0,8
2.975e+05,489.43,0,3963,9,0,9
2.9775e+05,489.66,0,3959,10,0,8
2.98e+05,489.92,0,3981,10,0,8
2.9825e+05,490.16,0,3996,10,0,7
2.985e+05,490.39,0,4008,9,0,8
2.9875e+05,490.66,0,3997,10,0,8
2.99e+05,490.91,0,3992,9,0,8
2.9925e+05,491.13,0,4025,9,0,9
2.995e+05,491.35,0,4025,7,0,9
2.9975e+05,491.59,0,4029,7,0,9
3e+05,491.82,0,4023,6,0,10
3.0025e+05,492.06,0,4057,5,0,3
3.005e+05,492.26,0,4039,4,0,2
3.0075e+05,492.51,0,4033,4,0,2
3.01e+05,492.74,0,4045,4,0,2
3.0125e+05,492.99,0,4041,5,0,1
3.015e+05,493.23,0,4022,4,0,1
3.0175e+05,493.45,0,4030,4,0,1
3.02e+05,493.67,0,4038,4,0,1
3.0225e+05,493.95,0,4043,5,0,1
3.025e+05,494.18,0,4065,5,0,1
3.0275e+05,494.4,0,4085,5,0,1
3.03e+05,494.63,0,4100,5,0,2
3.0325e+05,494.87,0,4108,5,0,2
3.035e+05,495.12,0,4106,4,0,1
3.0375e+05,495.35,0,4104,4,0,1
3.04e+05,495.57,0,4092,4,0,1
3.0425e+05,495.79,0,4060,4,0,1
3.045e+05,496.02,0,4084,4,0,1
3.0475e+05,496.25,0,4094,4,0,1
3.05e+05,496.46,0,4117,5,0,1
3.0525e+05,496.68,0,4115,5,0,1
3.055e+05,496.9,0,4121,5,0,1
3.0575e+05,497.11,0,4102,6,0,1
3.06e+05,497.34,0,4122,6,0,1
3.0625e+05,497.57,0,4141,5,0,1
3.065e+05,497.78,0,4182,4,0,1
3.0675e+05,498.02,0,4166,4,0,1
3.07e+05,498.22,0,4164,4,0,1
3.0725e+05,498.44,0,4152,4,0,1
3.075e+05,498.68,0,4167,5,0,1
3.0775e+05,498.9,0,4193,5,0,1
3.08e+05,499.1,0,4216,4,0,1
3.0825e+05,499.33,0,4220,4,0,1
3.085e+05,499.54,0,4246,3,0,2
3.0875e+05,499.76,0,4242,3,0,2
3.09e+05,499.95,0,4272,3,0,2
3.0925e+05,500.18,0,4288,3,0,2
3.095e+05,500.4,0,4314,3,0,2
3.0975e+05,500.63,0,4318,3,0,2
3.1e+05,500.85,0,4337,3,0,3
3.1025e+05,501.05,0,4343,3,0,3
3.105e+05,501.28,0,4369,3,0,3
3.1075e+05,501.5,0,4381,3,0,3
3.11e+05,501.71,0,4421,3,0,3
3.1125e+05,501.92,0,4422,2,0,3
3.115e+05,502.12,0,4423,2,0,2
3.1175e+05,502.31,0,4443,2,0,2
3.12e+05,502.52,0,4447,2,0,2
3.1225e+05,502.73,0,4459,2,0,2
3.125e+05,502.94,0,4459,2,0,2
3.1275e+05,503.14,0,4468,2,0,3
3.13e+05,503.34,0,4464,2,0,3
3.1325e+05,503.56,0,4456,2,0,3
3.135e+05,503.77,0,4460,2,0,3
3.1375e+05,503.96,0,4463,1,0,3
3.14e+05,504.16,0,4487,1,0,3
3.1425e+05,504.37,0,4485,1,0,3
3.145e+05,504.59,0,4481,1,0,3
3.1475e+05,504.78,0,4475,1,0,3
3.15e+05,504.99,0,4492,1,0,4
3.1525e+05,505.18,0,4521,1,0,1
3.155e+05,505.4,0,4513,1,0,1
3.1575e+05,505.61,0,4503,1,0,1
3.16e+05,505.81,0,4505,1,0,1
3.1625e+05,506.02,0,4539,1,0,1
3.165e+05,506.25,0,4559,1,0,1
3.1675e+05,506.45,0,4593,1,0,1
3.17e+05,506.64,0,4615,1,0,1
3.1725e+05,506.82,0,4639,1,0,1
3.175e+05,507,0,4651,1,0,1
3.1775e+05,507.22,0,4659,1,0,1
3.18e+05,507.41,0,4685,1,0,1
3.1825e+05,507.62,0,4701,1,0,1
3.185e+05,507.82,0,4675,1,0,1
3.1875e+05,508.04,0,4691,1,0,1
3.19e+05,508.24,0,4685,1,0,1
3.1925e+05,508.43,0,4705,2,0,2
3.195e+05,508.61,0,4723,2,0,2
3.1975e+05,508.8,0,4743,2,0,2
3.2e+05,509.01,0,4755,2,0,2
3.2025e+05,509.2,0,4754,2,0,1
3.205e+05,509.38,0,4762,2,0,1
3.2075e+05,509.59,0,4749,3,0,1
3.21e+05,509.8,0,4757,3,0,1
3.2125e+05,509.99,0,4763,3,0,1
3.215e+05,510.18,0,4767,3,0,1
3.2175e+05,510.35,0,4773,3,0,1
3.22e+05,510.55,0,4787,3,0,1
3.2225e+05,510.75,0,4823,3,0,1
3.225e+05,510.95,0,4841,1,0,1
3.2275e+05,511.13,0,4843,1,0,1
3.23e+05,511.32,0,4847,1,0,1
3.2325e+05,511.54,0,4869,1,0,1
3.235e+05,511.74,0,4887,1,0,1
3.2375e+05,511.92,0,4865,1,0,1
3.24e+05,512.1,0,4887,1,0,1
3.2425e+05,512.29,0,4911,1,0,1
3.245e+05,512.46,0,4921,1,0,1
3.2475e+05,512.63,0,4921,1,0,1
3.25e+05,512.82,0,4911,1,0,1
3.2525e+05,513.02,0,4907,1,0,3
3.255e+05,513.21,0,4913,1,0,3
3.2575e+05,513.4,0,4909,1,0,3
3.26e+05,513.61,0,4895,1,0,3
3.2625e+05,513.79,0,4917,1,0,3
3.265e+05,513.98,0,4952,1,0,2
3.2675e+05,514.15,0,4956,1,0,2
3.27e+05,514.37,0,4940,1,0,2
3.2725e+05,514.56,0,4940,1,0,2
3.275e+05,514.73,0,4964,1,0,2
3.2775e+05,514.94,0,4996,1,0,2
3.28e+05,515.11,0,5006,1,0,2
3.2825e+05,515.3,0,5010,1,0,2
3.285e+05,515.47,0,5044,1,0,2
3.2875e+05,515.64,0,5054,1,0,2
3.29e+05,515.83,0,5074,1,0,2
3.2925e+05,516.01,0,5058,1,0,2
3.295e+05,516.19,0,5091,1,0,1
3.2975e+05,516.38,0,5111,1,0,1
3.3e+05,516.55,0,5135,1,0,1
3.3025e+05,516.71,0,5152,1,0,2
3.305e+05,516.9,0,5156,1,0,2
3.3075e+05,517.09,0,5162,1,0,2
3.31e+05,517.26,0,5178,1,0,2
3.3125e+05,517.44,0,5150,1,0,2
3.315e+05,517.63,0,5152,1,0,2
3.3175e+05,517.79,0,5144,1,0,2
3.32e+05,517.97,0,5168,1,0,2
3.3225e+05,518.15,0,5136,1,0,2
3.325e+05,518.32,0,5118,1,0,2
3.3275e+05,518.5,0,5146,1,0,2
3.33e+05,518.68,0,5144,1,0,2
3.3325e+05,518.86,0,5188,1,0,2
3.335e+05,519.04,0,5200,1,0,2
3.3375e+05,519.22,0,5208,1,0,2
3.34e+05,519.39,0,5240,1,0,2
3.3425e+05,519.59,0,5260,1,0,2
3.345e+05,519.75,0,5292,1,0,2
3.3475e+05,519.93,0,5300,1,0,2
3.35e+05,520.1,0,5286,1,0,2
3.3525e+05,520.27,0,5317,1,0,1
3.355e+05,520.44,0,5303,1,0,1
3.3575e+05,520.62,0,5287,1,0,1
3.36e+05,520.79,0,5289,1,0,1
3.3625e+05,520.96,0,5313,1,0,1
3.365e+05,521.13,0,5347,1,0,1
3.3675e+05,521.3,0,5349,1,0,1
3.37e+05,521.49,0,5363,1,0,1
3.3725e+05,521.65,0,5355,1,0,1
3.375e+05,521.83,0,5361,1,0,1
3.3775e+05,522.01,0,5353,1,0,1
3.38e+05,522.17,0,5355,1,0,1
3.3825e+05,522.35,0,5361,1,0,1
3.385e+05,522.51,0,5378,1,0,0
3.3875e+05,522.68,0,5382,1,0,0
3.39e+05,522.86,0,5402,1,0,0
3.3925e+05,523.04,0,5408,1,0,0
3.395e+05,523.22,0,5418,1,0,0
3.3975e+05,523.39,0,5406,1,0,0
3.4e+05,523.55,0,5460,1,0,0
3.4025e+05,523.71,0,5466,1,0,0
3.405e+05,523.89,0,5472,1,0,0
3.4075e+05,524.06,0,5480,1,0,0
3.41e+05,524.23,0,5500,1,0,0
3.4125e+05,524.39,0,5494,1,0,0
3.415e+05,524.58,0,5510,1,0,0
3.4175e+05,524.73,0,5518,1,0,0
3.42e+05,524.86,0,5536,1,0,0
3.4225e+05,525.03,0,5552,1,0,0
3.425e+05,525.2,0,5558,1,0,0
3.4275e+05,525.38,0,5544,1,0,0
3.43e+05,525.54,0,5570,1,0,0
3.4325e+05,525.7,0,5582,1,0,0
3.435e+05,525.86,0,5578,1,0,0
3.4375e+05,526.02,0,5566,1,0,0
3.44e+05,526.2,0,5574,1,0,0
3.4425e+05,526.34,0,5572,1,0,0
3.445e+05,526.51,0,5568,1,0,0
3.4475e+05,526.68,0,5574,1,0,0
3.45e+05,526.83,0,5596,1,0,0
3.4525e+05,527.02,0,5604,1,0,0
3.455e+05,527.19,0,5606,1,0,0
3.4575e+05,527.36,0,5634,1,0,0
3.46e+05,527.52,0,5636,1,0,0
3.4625e+05,527.68,0,5622,1,0,0
3.465e+05,527.86,0,5602,1,0,0
3.4675e+05,528.03,0,5590,1,0,0
3.47e+05,528.21,0,5590,1,0,0
3.4725e+05,528.37,0,5596,1,0,0
3.475e+05,528.54,0,5606,1,0,0
3.4775e+05,528.7,0,5622,1,0,0
3.48e+05,528.86,0,5649,2,0,0
3.4825e+05,529.03,0,5687,2,0,0
3.485e+05,529.19,0,5689,2,0,0
3.4875e+05,529.36,0,5697,2,0,0
3.49e+05,529.53,0,5709,2,0,0
3.4925e+05,529.7,0,5711,2,0,0
3.495e+05,529.86,0,5691,2,0,0
3.4975e+05,530.03,0,5729,2,0,0
3.5e+05,530.2,0,5731,2,0,0
3.5025e+05,530.35,0,5749,2,0,0
3.505e+05,530.5,0,5761,2,0,0
3.5075e+05,530.65,0,5765,2,0,0
3.51e+05,530.81,0,5797,2,0,0
3.5125e+05,530.96,0,5805,2,0,0
3.515e+05,531.12,0,5849,2,0,0
3.5175e+05,531.28,0,5893,2,0,0
3.52e+05,531.44,0,5913,2,0,0
3.5225e+05,531.59,0,5937,2,0,0
3.525e+05,531.75,0,5959,2,0,0
3.5275e+05,531.93,0,5975,2,0,0
3.53e+05,532.09,0,5977,2,0,0
3.5325e+05,532.25,0,5979,2,0,0
3.535e+05,532.39,0,5985,2,0,0
3.5375e+05,532.56,0,5991,2,0,0
3.54e+05,532.72,0,6009,2,0,0
3.5425e+05,532.89,0,6027,2,0,0
3.545e+05,533.03,0,6039,2,0,0
3.5475e+05,533.19,0,6063,2,0,0
3.55e+05,533.33,0,6053,2,0,0
3.5525e+05,533.49,0,6069,2,0,0
3.555e+05,533.63,0,6059,2,0,0
3.5575e+05,533.79,0,6061,2,0,0
3.56e+05,533.94,0,6065,2,0,0
3.5625e+05,534.09,0,6077,2,0,0
3.565e+05,534.24,0,6087,2,0,0
3.5675e+05,534.4,0,6087,2,0,0
3.57e+05,534.55,0,6101,2,0,0
3.5725e+05,534.69,0,6113,2,0,0
3.575e+05,534.84,0,6131,2,0,0
3.5775e+05,534.99,0,6145,2,0,0
3.58e+05,535.15,0,6147,2,0,0
3.5825e+05,535.31,0,6195,2,0,0
3.585e+05,535.47,0,6208,1,0,0
3.5875e+05,535.62,0,6252,1,0,0
3.59e+05,535.77,0,6266,1,0,0
3.5925e+05,535.94,0,6266,1,0,0
3.595e+05,536.09,0,6274,1,0,0
3.5975e+05,536.24,0,6306,1,0,0
3.6e+05,536.4,0,6327,0,0,0
3.6025e+05,536.56,0,6361,0,0,0
3.605e+05,536.71,0,6349,0,0,0
3.6075e+05,536.85,0,6365,0,0,0
3.61e+05,536.99,0,6367,0,0,0
3.6125e+05,537.12,0,6375,0,0,0
3.615e+05,537.25,0,6387,0,0,0
3.6175e+05,537.4,0,6407,0,0,0
3.62e+05,537.54,0,6415,0,0,0
3.6225e+05,537.69,0,6435,0,0,0
3.625e+05,537.83,0,6451,0,0,0
3.6275e+05,537.98,0,6479,0,0,0
3.6297e+05,538.12,0,6500,0,0,0
