1,0,4725,25,250,0,0
251,0.15691,4701,25,253,0,0
501,0.31245,4664,25,254,0,0
751,0.48595,4661,25,261,0,0
1001,0.66351,4657,27,255,0,0
1251,0.83912,4596,27,250,0,0
1501,1.0048,4530,29,254,0,0
1751,1.1849,4510,30,251,0,0
2001,1.3569,4481,33,257,0,0
2251,1.533,4438,34,251,0,0
2501,1.6924,4404,34,251,0,0
2751,1.8528,4387,35,255,0,0
3001,2.0214,4377,35,253,0,0
3251,2.2084,4348,35,252,0,0
3501,2.3775,4296,36,253,0,0
3751,2.5618,4258,38,253,0,0
4001,2.7562,4226,38,251,0,0
4251,2.9474,4212,38,249,0,0
4501,3.1239,4184,36,253,0,0
4751,3.3021,4152,36,257,0,0
5001,3.4859,4117,35,261,0,0
5251,3.6674,4108,36,267,0,0
5501,3.844,4080,34,267,0,0
5751,4.0257,4063,33,269,0,0
6001,4.2105,4043,33,279,0,0
6251,4.4125,4026,35,280,0,0
6501,4.6053,3993,36,282,0,0
6751,4.7901,3981,37,281,0,0
7001,4.9725,3965,36,286,0,0
7251,5.1435,3951,36,290,0,0
7501,5.3412,3906,37,284,0,0
7751,5.522,3917,37,289,0,0
8001,5.7137,3881,38,286,0,0
8251,5.9067,3866,40,289,0,0
8501,6.1015,3836,40,293,0,0
8751,6.287,3819,37,291,0,0
9001,6.497,3768,35,300,0,0
9251,6.7117,3746,35,296,0,0
9501,6.9057,3719,35,295,0,0
9751,7.1317,3705,34,294,0,0
10001,7.3422,3687,35,291,0,0
10251,7.5556,3669,36,294,0,0
10501,7.75,3675,33,295,0,0
10751,7.9716,3633,34,300,0,0
11001,8.1943,3587,36,300,0,0
11251,8.3879,3569,36,298,0,0
11501,8.6321,3556,33,296,0,0
11751,8.8423,3518,32,301,0,0
12001,9.0461,3502,30,301,0,0
12251,9.2486,3490,27,306,0,0
12501,9.4879,3457,24,310,0,0
12751,9.723,3445,23,311,0,0
13001,9.9117,3407,23,305,0,0
13251,10.133,3369,23,303,0,0
13501,10.366,3343,23,305,0,0
13751,10.594,3346,22,303,0,0
14001,10.802,3347,23,307,0,0
14251,11.016,3327,22,310,0,0
14501,11.231,3286,21,310,0,0
14751,11.431,3276,21,306,0,0
15001,11.663,3238,22,301,0,0
15251,11.93,3204,22,301,0,0
15501,12.165,3186,23,302,0,0
15751,12.43,3161,23,301,0,0
16001,12.641,3158,20,301,0,0
16251,12.895,3126,18,301,0,0
16501,13.145,3106,18,297,0,0
16751,13.379,3087,20,304,0,0
17001,13.62,3064,20,303,0,0
17251,13.849,3052,20,311,0,0
17501,14.088,3031,20,314,0,0
17751,14.323,3022,19,310,0,0
18001,14.555,3013,19,321,0,0
18251,14.801,2983,20,322,0,0
18501,15.041,2942,20,325,0,0
18751,15.293,2923,21,327,0,0
19001,15.532,2906,21,326,0,0
19251,15.827,2887,21,325,0,0
19501,16.098,2846,23,334,0,0
19751,16.356,2880,24,335,0,0
20001,16.593,2846,23,326,0,0
20251,16.857,2842,25,332,0,0
20501,17.164,2834,24,337,0,0
20751,17.402,2807,24,344,0,0
21001,17.668,2770,25,342,0,0
21251,17.949,2741,26,344,0,0
21501,18.222,2725,26,350,0,0
21751,18.467,2687,26,354,0,0
22001,18.735,2644,27,356,0,0
22251,19.028,2602,28,349,0,0
22501,19.314,2580,29,352,0,0
22751,19.604,2587,29,359,0,0
23001,19.861,2560,28,355,0,0
23251,20.128,2530,31,356,0,0
23501,20.403,2485,32,360,0,0
23751,20.714,2474,32,363,0,0
24001,21.001,2463,32,374,0,0
24251,21.285,2463,32,378,0,0
24501,21.546,2469,34,378,0,0
24751,21.796,2451,34,382,0,0
25001,22.064,2437,31,381,0,0
25251,22.331,2401,31,383,0,0
25501,22.611,2394,35,386,0,0
25751,22.897,2380,35,402,0,0
26001,23.178,2397,36,402,0,0
26251,23.475,2382,33,398,0,0
26501,23.755,2342,32,401,0,0
26751,24.044,2315,32,406,0,0
27001,24.297,2295,32,402,0,0
27251,24.588,2289,29,411,0,0
27501,24.876,2252,29,414,0,0
27751,25.215,2258,29,418,0,0
28001,25.497,2229,31,429,0,0
28251,25.825,2176,33,428,0,0
28501,26.141,2168,31,426,0,0
28751,26.465,2131,30,432,0,0
29001,26.836,2121,28,436,0,0
29251,27.159,2065,28,426,0,0
29501,27.479,2064,28,423,0,0
29751,27.783,2029,25,419,0,0
30001,28.117,1977,24,428,0,0
30251,28.46,1961,23,429,0,0
30501,28.825,1939,24,434,0,0
30751,29.149,1904,22,441,0,0
31001,29.546,1861,23,439,0,0
31251,29.945,1835,22,446,0,0
31501,30.326,1792,24,447,0,0
31751,30.721,1760,25,454,0,0
32001,31.126,1769,25,455,0,0
32251,31.484,1774,24,459,0,0
32501,31.861,1775,22,470,0,0
32751,32.189,1773,23,471,0,0
33001,32.538,1747,24,478,0,0
33251,32.898,1714,22,479,0,0
33501,33.235,1700,21,482,0,0
33751,33.587,1667,19,491,0,0
34001,33.97,1651,19,493,0,0
34251,34.357,1635,17,509,0,0
34501,34.732,1622,18,521,0,0
34751,35.109,1604,19,542,0,0
35001,35.503,1577,20,548,0,0
35251,35.916,1529,20,554,0,0
35501,36.327,1517,20,550,0,0
35751,36.684,1514,22,541,0,0
36001,37.071,1500,23,560,0,0
36251,37.499,1469,22,558,0,0
36501,37.855,1467,20,574,0,0
36751,38.266,1437,21,559,0,0
37001,38.683,1416,17,548,0,0
37251,39.141,1399,18,560,0,0
37501,39.579,1386,17,560,0,0
37751,40.021,1355,18,572,0,0
38001,40.463,1325,19,569,0,0
38251,40.848,1318,18,563,0,0
38501,41.3,1312,20,565,0,0
38751,41.711,1318,21,570,0,0
39001,42.129,1318,21,570,0,0
39251,42.551,1283,23,583,0,0
39501,43.003,1270,27,572,0,0
39751,43.41,1243,30,588,0,0
40001,43.862,1206,27,588,0,0
40251,44.349,1199,27,583,0,0
40501,44.829,1192,27,592,0,0
40751,45.267,1154,27,602,0,0
41001,45.804,1123,26,616,0,0
41251,46.263,1099,28,622,0,0
41501,46.708,1079,28,628,0,0
41751,47.183,1073,25,639,0,0
42001,47.67,1074,24,649,0,0
42251,48.144,1060,25,662,0,0
42501,48.635,1040,22,663,0,0
42751,49.136,1032,24,665,0,0
43001,49.699,1012,21,668,0,0
43251,50.184,1003,22,664,0,0
43501,50.707,973,21,661,0,0
43751,51.195,945,25,675,0,0
44001,51.697,925,24,656,0,0
44251,52.264,909,25,655,0,0
44501,52.757,917,27,645,0,0
44751,53.295,884,27,656,0,0
45001,53.832,881,28,658,0,0
45251,54.429,853,30,650,0,0
45501,54.985,829,30,646,0,0
45751,55.518,811,32,652,0,0
46001,56.117,810,33,648,0,0
46251,56.724,813,32,646,0,0
46501,57.359,789,33,645,0,0
46751,57.899,782,33,640,0,0
47001,58.564,758,33,650,0,0
47251,59.24,717,31,645,0,0
47501,59.876,718,29,664,0,0
47751,60.452,707,27,665,0,0
48001,61.113,706,31,656,0,0
48251,61.683,695,32,656,0,0
48501,62.294,673,30,680,0,0
48751,62.882,666,32,683,0,0
49001,63.517,655,37,689,0,0
49251,64.093,646,37,696,0,0
49501,64.779,626,42,705,0,0
49751,65.44,614,44,715,0,0
50001,66.115,610,44,723,0,0
50251,66.776,596,48,739,0,0
50501,67.459,588,49,744,0,0
50751,68.072,571,52,778,0,0
51001,68.699,580,51,768,0,0
51251,69.333,569,55,775,0,0
51501,69.912,557,55,765,0,0
51751,70.484,545,52,770,0,0
52001,71.081,544,51,776,0,0
52251,71.725,534,53,772,0,0
52501,72.38,511,52,764,0,0
52751,73.012,504,52,747,0,0
53001,73.716,501,60,756,0,0
53251,74.401,489,58,770,0,0
53501,75.114,488,57,768,0,0
53751,75.752,458,60,783,0,0
54001,76.464,436,58,771,0,0
54251,77.182,423,58,760,0,0
54501,77.906,414,57,760,0,0
54751,78.565,402,58,743,0,0
55001,79.302,406,60,749,0,0
55251,80.065,389,60,754,0,0
55501,80.755,380,60,751,0,0
55751,81.442,382,63,734,0,0
56001,82.188,385,66,724,0,0
56251,82.96,377,70,722,0,0
56501,83.657,364,67,712,0,0
56751,84.407,358,69,718,0,0
57001,85.191,349,73,713,0,0
57251,85.881,346,71,716,0,0
57501,86.628,330,72,707,0,0
57751,87.423,321,69,697,0,0
58001,88.139,307,73,717,0,0
58251,88.954,309,71,733,0,0
58501,89.749,320,77,732,0,0
58751,90.495,308,80,757,0,0
59001,91.248,300,84,773,0,0
59251,92.035,274,81,776,0,0
59501,92.832,257,82,792,0,0
59751,93.626,241,81,775,0,0
60001,94.421,234,87,782,0,0
60251,95.405,219,89,805,0,0
60501,96.244,200,90,795,0,0
60751,97.087,197,96,824,0,0
61001,97.905,202,96,827,0,0
61251,98.708,194,100,821,0,0
61501,99.592,186,103,822,0,0
61751,100.37,183,103,841,0,0
62001,101.17,186,111,850,0,0
62251,101.88,181,113,855,0,0
62501,102.69,177,112,848,0,0
62751,103.53,167,117,847,0,0
63001,104.23,165,111,875,0,0
63251,105.02,159,105,875,0,0
63501,105.8,146,102,873,0,0
63751,106.62,140,107,884,0,0
64001,107.46,144,105,884,0,0
64251,108.24,135,104,884,0,0
64501,109.08,126,103,902,0,0
64751,109.88,126,100,903,0,0
65001,110.73,120,106,897,0,0
65251,111.43,114,109,908,0,0
65501,112.34,110,106,927,0,0
65751,113.17,102,106,963,0,0
66001,113.95,104,109,982,0,0
66251,114.65,105,112,968,0,0
66501,115.43,110,112,983,0,0
66751,116.24,111,121,995,0,0
67001,117.04,103,123,963,0,0
67251,117.82,98,120,967,0,0
67501,118.59,90,115,996,0,0
67751,119.44,86,115,978,0,0
68001,120.22,85,113,985,0,0
68251,120.95,77,108,1004,0,0
68501,121.74,69,104,1018,0,0
68751,122.45,61,109,1037,0,0
69001,123.22,60,120,1031,0,0
69251,123.91,56,117,1032,0,0
69501,124.71,59,115,1019,0,0
69751,125.54,57,127,1041,0,0
70001,126.31,61,131,1061,0,0
70251,127.03,57,132,1074,0,0
70501,127.73,55,138,1100,0,0
70751,128.46,51,147,1111,0,0
71001,129.16,55,164,1140,0,0
71251,129.87,50,167,1120,0,0
71501,130.58,50,173,1140,0,0
71751,131.17,47,181,1145,0,0
72001,131.83,46,175,1124,0,0
72251,132.51,45,180,1134,0,0
72501,133.19,37,187,1149,0,0
72751,133.9,34,192,1183,0,0
73001,134.56,33,193,1187,0,0
73251,135.22,33,211,1201,0,0
73501,135.87,32,209,1206,0,0
73751,136.51,30,212,1237,0,0
74001,137.15,32,215,1260,0,0
74251,137.83,28,212,1267,0,0
74501,138.49,28,221,1274,0,0
74751,139.13,25,216,1266,0,0
75001,139.7,28,216,1273,0,0
75251,140.32,26,225,1296,0,0
75501,140.93,26,227,1300,0,0
75751,141.49,24,235,1272,0,0
76001,142.06,27,235,1249,0,0
76251,142.67,28,234,1283,0,0
76501,143.27,28,237,1284,0,0
76751,143.9,30,239,1276,0,0
77001,144.5,33,242,1278,0,0
77251,145.03,33,255,1281,0,0
77501,145.58,34,253,1296,0,0
77751,146.19,33,255,1315,0,0
78001,146.83,32,254,1337,0,0
78251,147.42,34,260,1345,0,0
78501,148.01,35,252,1340,0,0
78751,148.58,34,253,1350,0,0
79001,149.17,32,264,1363,0,0
79251,149.74,34,270,1385,0,0
79501,150.34,36,272,1399,0,0
79751,150.91,33,266,1412,0,0
80001,151.38,35,265,1437,0,0
80251,151.91,32,268,1435,0,0
80501,152.47,33,268,1452,0,0
80751,153.03,33,268,1444,0,0
81001,153.56,32,273,1432,0,0
81251,154.03,30,264,1427,0,0
81501,154.56,33,273,1409,0,0
81751,155.09,36,266,1419,0,0
82001,155.63,39,260,1430,0,0
82251,156.22,41,265,1449,0,0
82501,156.74,40,265,1448,0,0
82751,157.24,42,259,1466,0,0
83001,157.72,37,260,1470,0,0
83251,158.26,37,252,1452,0,0
83501,158.85,40,255,1452,0,0
83751,159.33,42,252,1459,0,0
84001,159.86,41,251,1475,0,0
84251,160.47,41,253,1479,0,0
84501,160.96,44,252,1499,0,0
84751,161.41,43,260,1494,0,0
85001,161.93,42,269,1506,0,0
85251,162.49,42,269,1486,0,0
85501,163.03,43,266,1486,0,0
85751,163.57,43,264,1498,0,0
86001,164.03,42,266,1515,0,0
86251,164.56,40,268,1515,0,0
86501,165.02,38,272,1531,0,0
86751,165.51,39,264,1534,0,0
87001,166.05,36,268,1533,0,0
87251,166.52,37,266,1540,0,0
87501,167.06,36,251,1518,0,0
87751,167.58,38,261,1526,0,0
88001,168.05,40,269,1530,0,0
88251,168.51,41,278,1516,0,0
88501,168.96,40,268,1521,0,0
88751,169.42,39,273,1533,0,0
89001,169.95,41,270,1552,0,0
89251,170.39,36,275,1552,0,0
89501,170.87,35,285,1537,0,0
89751,171.37,33,285,1571,0,0
90001,171.87,33,281,1563,0,0
90251,172.34,36,273,1568,0,0
90501,172.8,37,272,1572,0,0
90751,173.35,36,260,1579,0,0
91001,173.86,35,275,1555,0,0
91251,174.35,32,275,1566,0,0
91501,174.82,35,278,1568,0,0
91751,175.29,35,272,1578,0,0
92001,175.76,36,261,1596,0,0
92251,176.23,35,260,1630,0,0
92501,176.68,38,250,1647,0,0
92751,177.11,36,253,1648,0,0
93001,177.6,32,260,1657,0,0
93251,178.05,27,272,1676,0,0
93501,178.49,26,279,1696,0,0
93751,178.99,23,288,1672,0,0
94001,179.41,23,295,1679,0,0
94251,179.88,25,282,1688,0,0
94501,180.33,22,283,1670,0,0
94751,180.77,22,287,1678,0,0
95001,181.21,20,291,1684,0,0
95251,181.65,16,295,1690,0,0
95501,182.08,18,300,1687,0,0
95751,182.53,16,309,1692,0,0
96001,183.01,15,327,1701,0,0
96251,183.44,14,326,1715,0,0
96501,183.88,16,331,1736,0,0
96751,184.28,17,338,1756,0,0
97001,184.73,16,331,1750,0,0
97251,185.13,15,335,1749,0,0
97501,185.58,16,335,1762,0,0
97751,186.01,14,328,1765,0,0
98001,186.47,14,334,1779,0,0
98251,186.93,13,323,1781,0,0
98501,187.37,13,323,1801,0,0
98751,187.77,13,328,1806,0,0
99001,188.19,12,330,1829,0,0
99251,188.62,11,341,1825,0,0
99501,189.02,11,338,1844,0,0
99751,189.46,11,340,1874,0,0
1e+05,189.9,12,350,1893,0,0
1.0025e+05,190.34,12,354,1875,0,0
1.005e+05,190.74,15,366,1898,0,0
1.0075e+05,191.18,11,375,1885,0,0
1.01e+05,191.62,10,386,1881,0,0
1.0125e+05,192.04,11,394,1890,0,0
1.015e+05,192.43,12,387,1886,0,0
1.0175e+05,192.84,13,392,1882,0,0
1.02e+05,193.3,12,385,1886,0,0
1.0225e+05,193.67,10,392,1891,0,0
1.025e+05,194,10,399,1892,0,0
1.0275e+05,194.36,9,411,1907,0,0
1.03e+05,194.7,8,412,1913,0,0
1.0325e+05,195.07,8,416,1921,0,0
1.035e+05,195.42,8,420,1907,0,0
1.0375e+05,195.8,8,424,1921,0,0
1.04e+05,196.21,9,415,1915,0,0
1.0425e+05,196.64,9,416,1922,0,0
1.045e+05,197.07,6,411,1910,0,0
1.0475e+05,197.46,7,419,1911,0,0
1.05e+05,197.86,6,437,1910,0,0
1.0525e+05,198.26,6,438,1911,0,0
1.055e+05,198.63,5,445,1929,0,0
1.0575e+05,199.03,5,444,1940,0,0
1.06e+05,199.44,5,442,1960,0,0
1.0625e+05,199.79,4,450,1985,0,0
1.065e+05,200.18,4,456,2001,0,0
1.0675e+05,200.5,4,458,2007,0,0
1.07e+05,200.84,4,463,2008,0,0
1.0725e+05,201.18,4,471,2004,0,0
1.075e+05,201.57,4,477,2002,0,0
1.0775e+05,201.92,4,474,2009,0,0
1.08e+05,202.27,3,458,2002,0,0
1.0825e+05,202.66,3,458,2026,0,0
1.085e+05,203.06,3,463,2067,0,0
1.0875e+05,203.49,1,474,2070,0,0
1.09e+05,203.84,1,474,2082,0,0
1.0925e+05,204.2,1,470,2102,0,0
1.095e+05,204.58,1,464,2126,0,0
1.0975e+05,204.93,1,468,2142,0,0
1.1e+05,205.27,2,483,2128,0,0
1.1025e+05,205.6,3,490,2140,0,0
1.105e+05,205.97,4,488,2161,0,0
1.1075e+05,206.31,3,499,2175,0,0
1.11e+05,206.63,3,502,2180,0,0
1.1125e+05,206.98,4,501,2194,0,0
1.115e+05,207.35,4,505,2186,0,0
1.1175e+05,207.68,3,512,2170,0,0
1.12e+05,208,2,509,2164,0,0
1.1225e+05,208.38,2,513,2148,0,0
1.125e+05,208.74,2,513,2164,0,0
1.1275e+05,209.1,1,511,2147,0,0
1.13e+05,209.43,0,520,2131,0,0
1.1325e+05,209.79,0,520,2143,0,0
1.135e+05,210.18,0,530,2157,0,0
1.1375e+05,210.51,0,531,2166,0,0
1.14e+05,210.85,0,521,2182,0,0
1.1425e+05,211.19,0,527,2174,0,0
1.145e+05,211.56,0,521,2146,0,0
1.1475e+05,211.89,0,520,2159,0,0
1.15e+05,212.22,0,521,2168,0,0
1.1525e+05,212.56,0,533,2160,0,0
1.155e+05,212.86,0,528,2163,0,0
1.1575e+05,213.17,0,526,2167,0,0
1.16e+05,213.52,0,520,2171,0,0
1.1625e+05,213.88,0,527,2188,0,0
1.165e+05,214.21,0,520,2187,0,0
1.1675e+05,214.58,0,516,2197,0,0
1.17e+05,214.93,0,519,2194,0,0
1.1725e+05,215.27,0,517,2222,0,0
1.175e+05,215.63,0,501,2258,0,0
1.1775e+05,216,0,507,2260,0,0
1.18e+05,216.3,0,512,2259,0,0
1.1825e+05,216.62,0,518,2235,0,0
1.185e+05,216.96,0,521,2266,0,0
1.1875e+05,217.27,0,533,2270,0,0
1.19e+05,217.6,0,533,2268,0,0
1.1925e+05,217.93,0,535,2278,0,0
1.195e+05,218.28,0,532,2313,0,0
1.1975e+05,218.56,0,525,2324,0,0
1.2e+05,218.89,0,533,2346,0,0
1.2025e+05,219.22,0,539,2370,0,0
1.205e+05,219.54,0,545,2370,0,0
1.2075e+05,219.82,0,543,2348,0,0
1.21e+05,220.13,0,553,2336,0,0
1.2125e+05,220.44,0,563,2360,0,0
1.215e+05,220.78,0,567,2356,0,0
1.2175e+05,221.08,0,560,2367,0,0
1.22e+05,221.37,0,560,2365,0,0
1.2225e+05,221.7,0,555,2354,0,0
1.225e+05,222.02,0,558,2371,0,0
1.2275e+05,222.37,0,566,2373,0,0
1.23e+05,222.65,0,558,2399,0,0
1.2325e+05,222.98,0,563,2424,0,0
1.235e+05,223.29,0,576,2423,0,0
1.2375e+05,223.61,0,584,2441,0,0
1.24e+05,223.91,0,588,2465,0,0
1.2425e+05,224.22,0,589,2472,0,0
1.245e+05,224.53,0,596,2461,0,0
1.2475e+05,224.82,0,580,2469,0,0
1.25e+05,225.12,0,580,2501,0,0
1.2525e+05,225.42,0,591,2496,0,0
1.255e+05,225.72,0,586,2517,0,0
1.2575e+05,226.02,0,591,2528,0,0
1.26e+05,226.34,0,591,2526,0,0
1.2625e+05,226.64,0,590,2523,0,0
1.265e+05,226.92,0,596,2557,0,0
1.2675e+05,227.21,0,594,2553,0,0
1.27e+05,227.53,0,605,2552,0,0
1.2725e+05,227.83,0,607,2538,0,0
1.275e+05,228.12,0,608,2537,0,0
1.2775e+05,228.4,0,621,2552,0,0
1.28e+05,228.68,0,623,2566,0,0
1.2825e+05,228.99,0,619,2582,0,0
1.285e+05,229.26,0,615,2604,0,0
1.2875e+05,229.54,0,628,2593,0,0
1.29e+05,229.82,0,633,2590,0,0
1.2925e+05,230.07,0,640,2579,0,0
1.295e+05,230.35,0,647,2584,0,0
1.2975e+05,230.65,0,660,2599,0,0
1.3e+05,230.94,0,660,2619,0,0
1.3025e+05,231.19,0,660,2603,0,0
1.305e+05,231.47,0,653,2618,0,0
1.3075e+05,231.76,0,656,2621,0,0
1.31e+05,232.04,0,658,2601,0,0
1.3125e+05,232.35,0,664,2625,0,0
1.315e+05,232.61,0,681,2650,0,0
1.3175e+05,232.91,0,692,2659,0,0
1.32e+05,233.2,0,681,2680,0,0
1.3225e+05,233.47,0,685,2666,0,0
1.325e+05,233.73,0,687,2658,0,0
1.3275e+05,234,0,691,2654,0,0
1.33e+05,234.27,0,703,2676,0,0
1.3325e+05,234.54,0,705,2676,0,0
1.335e+05,234.83,0,707,2694,0,0
1.3375e+05,235.07,0,715,2706,0,0
1.34e+05,235.31,0,713,2712,0,0
1.3425e+05,235.59,0,703,2710,0,0
1.345e+05,235.87,0,712,2715,0,0
1.3475e+05,236.15,0,702,2697,0,0
1.35e+05,236.45,0,703,2708,0,0
1.3525e+05,236.75,0,709,2724,0,0
1.355e+05,237.02,0,706,2717,0,0
1.3575e+05,237.29,0,711,2708,0,0
1.36e+05,237.55,0,715,2698,0,0
1.3625e+05,237.83,0,721,2714,0,0
1.365e+05,238.12,0,726,2721,0,0
1.3675e+05,238.39,0,727,2726,0,0
1.37e+05,238.64,0,739,2732,0,0
1.3725e+05,238.91,0,732,2713,0,0
1.375e+05,239.19,0,721,2730,0,0
1.3775e+05,239.44,0,729,2722,0,0
1.38e+05,239.68,0,743,2728,0,0
1.3825e+05,239.96,0,743,2714,0,0
1.385e+05,240.22,0,739,2720,0,0
1.3875e+05,240.47,0,729,2714,0,0
1.39e+05,240.75,0,728,2713,0,0
1.3925e+05,241,0,729,2718,0,0
1.395e+05,241.25,0,745,2734,0,0
1.3975e+05,241.54,0,743,2740,0,0
1.4e+05,241.83,0,735,2746,0,0
1.4025e+05,242.07,0,738,2719,0,0
1.405e+05,242.34,0,737,2740,0,0
1.4075e+05,242.6,0,739,2764,0,0
1.41e+05,242.86,0,738,2791,0,0
1.4125e+05,243.11,0,746,2805,0,0
1.415e+05,243.38,0,756,2815,0,0
1.4175e+05,243.65,0,754,2821,0,0
1.42e+05,243.91,0,753,2832,0,0
1.4225e+05,244.19,0,756,2859,0,0
1.425e+05,244.46,0,752,2863,0,0
1.4275e+05,244.72,0,755,2886,0,0
1.43e+05,244.97,0,751,2892,0,0
1.4325e+05,245.24,0,757,2882,0,0
1.435e+05,245.49,0,753,2880,0,0
1.4375e+05,245.76,0,758,2891,0,0
1.44e+05,246.02,0,759,2914,0,0
1.4425e+05,246.26,0,761,2910,0,0
1.445e+05,246.5,0,762,2911,0,0
1.4475e+05,246.75,0,764,2927,0,0
1.45e+05,246.98,0,771,2926,0,0
1.4525e+05,247.22,0,774,2923,0,0
1.455e+05,247.47,0,783,2938,0,0
1.4575e+05,247.74,0,788,2945,0,0
1.46e+05,248,0,792,2921,0,0
1.4625e+05,248.22,0,795,2944,0,0
1.465e+05,248.47,0,798,2937,0,0
1.4675e+05,248.72,0,811,2938,0,0
1.47e+05,248.98,0,809,2968,0,0
1.4725e+05,249.21,0,814,2995,0,0
1.475e+05,249.46,0,824,2991,0,0
1.4775e+05,249.7,0,823,2974,0,0
1.48e+05,249.94,0,832,2995,0,0
1.4825e+05,250.16,0,841,3018,0,0
1.485e+05,250.38,0,846,3037,0,0
1.4875e+05,250.62,0,837,3056,0,0
1.49e+05,250.88,0,847,3060,0,0
1.4925e+05,251.1,0,842,3071,0,0
1.495e+05,251.32,0,840,3087,0,0
1.4975e+05,251.55,0,837,3102,0,0
1.5e+05,251.81,0,839,3100,0,0
1.5025e+05,252.03,0,842,3109,0,0
1.505e+05,252.26,0,839,3112,0,0
1.5075e+05,252.52,0,840,3111,0,0
1.51e+05,252.76,0,838,3129,0,0
1.5125e+05,252.96,0,837,3132,0,0
1.515e+05,253.19,0,838,3139,0,0
1.5175e+05,253.42,0,833,3130,0,0
1.52e+05,253.66,0,836,3129,0,0
1.5225e+05,253.9,0,843,3148,0,0
1.525e+05,254.15,0,845,3130,0,0
1.5275e+05,254.39,0,850,3145,0,0
1.53e+05,254.62,0,849,3138,0,0
1.5325e+05,254.88,0,154,3157,0,696
1.535e+05,255.1,0,155,3145,0,683
1.5375e+05,255.3,0,158,3148,0,677
1.54e+05,255.5,0,159,3153,0,669
1.5425e+05,255.69,0,159,3140,0,668
1.545e+05,255.9,0,161,3131,0,669
1.5475e+05,256.1,0,163,3120,0,660
1.55e+05,256.29,0,166,3099,0,664
1.5525e+05,256.48,0,136,3077,0,696
1.555e+05,256.67,0,136,3056,0,691
1.5575e+05,256.85,0,136,3028,0,695
1.56e+05,257.07,0,137,2996,0,696
1.5625e+05,257.27,0,142,2976,0,701
1.565e+05,257.48,0,139,2983,0,701
1.5675e+05,257.69,0,137,2972,0,692
1.57e+05,257.89,0,139,2949,0,689
1.5725e+05,258.08,0,143,2923,0,695
1.575e+05,258.28,0,140,2896,0,693
1.5775e+05,258.48,0,139,2875,0,685
1.58e+05,258.68,0,138,2857,0,682
1.58e+05,258.68,0,138,2856,0,682
1.58e+05,258.68,0,138,2856,0,682
1.5825e+05,258.88,0,136,2845,0,688
1.585e+05,259.06,0,132,2849,0,682
1.5875e+05,259.24,0,128,2839,0,672
1.59e+05,259.44,0,129,2814,0,658
1.5925e+05,259.61,0,128,2796,0,655
1.595e+05,259.81,0,130,2781,0,650
1.5975e+05,259.97,0,128,2761,0,652
1.5975e+05,259.97,0,128,2762,0,652
1.6e+05,260.14,0,132,2711,0,656
1.6025e+05,260.31,0,143,2682,0,638
1.6025e+05,260.31,0,143,2681,0,638
1.605e+05,260.49,0,148,2654,0,633
1.6075e+05,260.69,0,153,2666,0,624
1.61e+05,260.9,0,150,2658,0,619
1.61e+05,260.9,0,149,2658,0,619
1.6125e+05,261.08,0,149,2644,0,618
1.615e+05,261.27,0,147,2627,0,613
1.615e+05,261.27,0,147,2628,0,613
1.6175e+05,261.46,0,148,2611,0,606
1.62e+05,261.66,0,148,2607,0,598
1.6225e+05,261.85,0,150,2599,0,596
1.625e+05,262.03,0,146,2595,0,586
1.6275e+05,262.22,0,145,2550,0,584
1.6275e+05,262.22,0,145,2551,0,584
1.63e+05,262.42,0,144,2530,0,587
1.6325e+05,262.59,0,140,2517,0,578
1.635e+05,262.78,0,136,2493,0,572
1.635e+05,262.78,0,136,2492,0,572
1.635e+05,262.78,0,136,2492,0,572
1.635e+05,262.78,0,136,2492,0,572
1.6375e+05,262.95,0,134,2498,0,579
1.64e+05,263.14,0,138,2489,0,576
1.6425e+05,263.33,0,141,2468,0,576
1.6425e+05,263.33,0,141,2469,0,576
1.645e+05,263.51,0,141,2426,0,576
1.6475e+05,263.7,0,148,2418,0,587
1.6475e+05,263.7,0,148,2419,0,587
1.65e+05,263.85,0,151,2411,0,591
1.65e+05,263.85,0,163,2412,0,579
1.6525e+05,264.01,0,159,2398,0,572
1.655e+05,264.21,0,161,2395,0,561
1.655e+05,264.21,0,161,2396,0,561
1.6575e+05,264.38,0,161,2412,0,558
1.6575e+05,264.38,0,161,2413,0,558
1.66e+05,264.56,0,163,2409,0,553
1.66e+05,264.56,0,163,2408,0,553
1.6625e+05,264.72,0,163,2396,0,554
1.665e+05,264.92,0,160,2393,0,546
1.665e+05,264.92,0,160,2394,0,546
1.6675e+05,265.12,0,157,2388,0,546
1.6675e+05,265.13,0,157,2387,0,546
1.6675e+05,265.13,0,157,2387,0,546
1.67e+05,265.33,0,161,2355,0,545
1.6725e+05,265.52,0,157,2340,0,548
1.6725e+05,265.52,0,157,2340,0,547
1.675e+05,265.73,0,156,2323,0,552
1.6775e+05,265.92,0,153,2312,0,558
1.68e+05,266.11,0,155,2321,0,543
1.6825e+05,266.32,0,151,2304,0,538
1.685e+05,266.51,0,155,2278,0,528
1.685e+05,266.51,0,155,2277,0,528
1.685e+05,266.51,0,155,2277,0,528
1.6875e+05,266.71,0,152,2255,0,518
1.6875e+05,266.71,0,152,2255,0,517
1.69e+05,266.9,0,152,2229,0,504
1.69e+05,266.9,0,152,2228,0,504
1.6925e+05,267.1,0,153,2199,0,497
1.695e+05,267.29,0,161,2187,0,493
1.6975e+05,267.49,0,155,2174,0,494
1.7e+05,267.68,0,156,2152,0,489
1.7025e+05,267.87,0,166,2137,0,482
1.705e+05,268.07,0,168,2129,0,478
1.7075e+05,268.26,0,162,2147,0,474
1.7075e+05,268.26,0,162,2148,0,474
1.71e+05,268.47,0,168,2152,0,477
1.7125e+05,268.68,0,169,2145,0,487
1.715e+05,268.9,0,175,2130,0,470
1.7175e+05,269.11,0,178,2128,0,461
1.72e+05,269.33,0,175,2100,0,468
1.7225e+05,269.53,0,174,2087,0,470
1.7225e+05,269.53,0,174,2087,0,471
1.725e+05,269.74,0,170,2051,0,466
1.725e+05,269.73,0,170,2050,0,466
1.7275e+05,269.93,0,176,2030,0,467
1.73e+05,270.15,0,179,1990,0,466
1.7325e+05,270.35,0,185,1964,0,454
1.735e+05,270.55,0,180,1965,0,446
1.7375e+05,270.74,0,180,1948,0,445
1.74e+05,270.95,0,189,1918,0,446
1.74e+05,270.95,0,189,1917,0,446
1.7425e+05,271.18,0,185,1903,0,451
1.7425e+05,271.18,0,185,1904,0,451
1.745e+05,271.37,0,179,1909,0,445
1.745e+05,271.37,0,179,1910,0,445
1.745e+05,271.37,0,179,1910,0,445
1.745e+05,271.38,0,179,1910,0,445
1.7475e+05,271.56,0,179,1877,0,437
1.75e+05,271.76,0,178,1844,0,431
1.7525e+05,271.96,0,182,1827,0,414
1.755e+05,272.2,0,182,1809,0,412
1.7575e+05,272.42,0,186,1781,0,406
1.7575e+05,272.42,0,186,1781,0,407
1.76e+05,272.66,0,190,1785,0,400
1.76e+05,272.66,0,190,1784,0,400
1.76e+05,272.66,0,190,1784,0,400
1.7625e+05,272.89,0,194,1761,0,392
1.765e+05,273.12,0,195,1738,0,394
1.7675e+05,273.38,0,192,1723,0,386
1.7675e+05,273.38,0,192,1724,0,386
1.7675e+05,273.38,0,192,1724,0,386
1.7675e+05,273.38,0,192,1724,0,386
1.77e+05,273.59,0,200,1676,0,373
1.77e+05,273.59,0,200,1675,0,373
1.77e+05,273.59,0,200,1675,0,373
1.7725e+05,273.87,0,196,1653,0,366
1.7725e+05,273.87,0,196,1652,0,366
1.775e+05,274.09,0,196,1640,0,361
1.7775e+05,274.3,0,192,1620,0,361
1.7775e+05,274.3,0,192,1621,0,361
1.78e+05,274.53,0,193,1581,0,363
1.78e+05,274.53,0,193,1580,0,363
1.78e+05,274.53,0,193,1580,0,363
1.78e+05,274.53,0,193,1580,0,363
1.78e+05,274.53,0,193,1580,0,363
1.7825e+05,274.76,0,191,1552,0,350
1.7825e+05,274.76,0,191,1551,0,350
1.7825e+05,274.76,0,191,1551,0,350
1.785e+05,275,0,193,1556,0,346
1.785e+05,275,0,192,1556,0,346
1.785e+05,275,0,192,1556,0,346
1.7875e+05,275.21,0,190,1527,0,344
1.79e+05,275.46,0,186,1513,0,338
1.7925e+05,275.69,0,180,1492,0,345
1.7925e+05,275.69,0,180,1493,0,345
1.795e+05,275.95,0,181,1500,0,350
1.795e+05,275.95,0,182,1500,0,350
1.795e+05,275.95,0,182,1500,0,350
1.795e+05,275.95,0,182,1500,0,350
1.7975e+05,276.19,0,184,1493,0,338
1.7975e+05,276.19,0,184,1494,0,338
1.8e+05,276.43,0,195,1485,0,347
1.8e+05,276.43,0,154,1485,0,389
1.8025e+05,276.68,0,159,1480,0,390
1.805e+05,276.96,0,156,1485,0,386
1.8075e+05,277.23,0,153,1445,0,377
1.8075e+05,277.23,0,153,1446,0,377
1.8075e+05,277.23,0,153,1446,0,377
1.8075e+05,277.23,0,153,1446,0,377
1.8075e+05,277.23,0,153,1446,0,377
1.81e+05,277.49,0,151,1420,0,368
1.8125e+05,277.78,0,152,1385,0,358
1.815e+05,278.06,0,150,1368,0,349
1.815e+05,278.06,0,150,1369,0,349
1.8175e+05,278.33,0,142,1349,0,330
1.82e+05,278.67,0,141,1342,0,328
1.8225e+05,278.94,0,139,1334,0,326
1.825e+05,279.26,0,141,1326,0,324
1.825e+05,279.26,0,142,1326,0,324
1.825e+05,279.26,0,142,1326,0,324
1.8275e+05,279.54,0,139,1290,0,318
1.83e+05,279.82,0,136,1291,0,310
1.8325e+05,280.08,0,138,1283,0,312
1.835e+05,280.36,0,142,1296,0,315
1.8375e+05,280.68,0,143,1286,0,304
1.84e+05,280.95,0,146,1278,0,305
1.84e+05,280.95,0,146,1279,0,305
1.8425e+05,281.22,0,144,1282,0,301
1.845e+05,281.55,0,155,1275,0,293
1.8475e+05,281.86,0,148,1277,0,292
1.8475e+05,281.86,0,148,1278,0,292
1.85e+05,282.2,0,148,1276,0,291
1.8525e+05,282.51,0,161,1285,0,277
1.855e+05,282.83,0,156,1281,0,268
1.855e+05,282.83,0,156,1280,0,268
1.8575e+05,283.15,0,157,1295,0,253
1.86e+05,283.5,0,159,1286,0,258
1.8625e+05,283.81,0,160,1278,0,265
1.865e+05,284.11,0,156,1253,0,266
1.865e+05,284.11,0,156,1254,0,266
1.8675e+05,284.44,0,156,1219,0,256
1.87e+05,284.76,0,158,1205,0,246
1.8725e+05,285.07,0,157,1175,0,251
1.875e+05,285.36,0,153,1161,0,249
1.8775e+05,285.69,0,157,1162,0,248
1.88e+05,286.02,0,155,1143,0,263
1.88e+05,286.02,0,155,1142,0,263
1.8825e+05,286.35,0,160,1116,0,257
1.885e+05,286.69,0,159,1120,0,256
1.8875e+05,287.01,0,159,1103,0,249
1.8875e+05,287.01,0,158,1103,0,249
1.89e+05,287.33,0,161,1112,0,250
1.8925e+05,287.66,0,164,1111,0,240
1.895e+05,288.01,0,162,1076,0,241
1.8975e+05,288.4,0,158,1060,0,239
1.9e+05,288.78,0,152,1052,0,231
1.9025e+05,289.2,0,132,1043,0,248
1.905e+05,289.59,0,134,1020,0,241
1.905e+05,289.6,0,134,1021,0,241
1.9075e+05,290.03,0,137,1024,0,240
1.91e+05,290.45,0,134,1025,0,246
1.9125e+05,290.86,0,133,1027,0,229
1.915e+05,291.27,0,127,1030,0,218
1.915e+05,291.27,0,127,1030,0,217
1.915e+05,291.27,0,127,1030,0,217
1.9175e+05,291.67,0,130,1024,0,219
1.92e+05,292.06,0,133,1015,0,223
1.9225e+05,292.42,0,134,1003,0,224
1.925e+05,292.81,0,143,990,0,222
1.9275e+05,293.2,0,143,969,0,219
1.9275e+05,293.2,0,143,970,0,219
1.93e+05,293.56,0,136,957,0,216
1.9325e+05,293.93,0,134,943,0,226
1.9325e+05,293.94,0,134,944,0,226
1.935e+05,294.32,0,144,912,0,229
1.9375e+05,294.78,0,145,900,0,232
1.94e+05,295.19,0,153,889,0,221
1.9425e+05,295.64,0,156,877,0,204
1.945e+05,296.13,0,166,853,0,196
1.9475e+05,296.65,0,169,855,0,187
1.95e+05,297.19,0,177,837,0,181
1.9525e+05,297.73,0,136,832,0,217
1.955e+05,298.27,0,139,851,0,209
1.9575e+05,298.74,0,138,840,0,205
1.96e+05,299.26,0,146,822,0,191
1.9625e+05,299.76,0,140,804,0,191
1.965e+05,300.22,0,134,777,0,186
1.965e+05,300.22,0,134,776,0,186
1.965e+05,300.22,0,134,776,0,186
1.9675e+05,300.67,0,140,752,0,187
1.97e+05,301.18,0,154,738,0,193
1.97e+05,301.18,0,153,738,0,193
1.9725e+05,301.63,0,147,740,0,190
1.975e+05,302.12,0,150,728,0,189
1.9775e+05,302.58,0,159,715,0,193
1.9775e+05,302.58,0,159,714,0,193
1.98e+05,303.05,0,162,713,0,188
1.98e+05,303.05,0,162,714,0,188
1.9825e+05,303.53,0,158,704,0,189
1.9825e+05,303.53,0,158,704,0,188
1.9825e+05,303.53,0,158,704,0,188
1.985e+05,304.04,0,151,702,0,180
1.9875e+05,304.63,0,145,669,0,161
1.99e+05,305.24,0,146,666,0,149
1.9925e+05,305.9,0,131,669,0,143
1.9925e+05,305.9,0,131,669,0,142
1.995e+05,306.59,0,135,644,0,134
1.995e+05,306.6,0,135,645,0,134
1.9975e+05,307.33,0,137,641,0,135
1.9975e+05,307.33,0,137,640,0,135
2e+05,308.04,0,133,636,0,130
2.0025e+05,308.81,0,106,623,0,148
2.005e+05,309.6,0,99,597,0,155
2.0075e+05,310.3,0,103,597,0,149
2.01e+05,311.02,0,94,591,0,136
2.01e+05,311.02,0,94,590,0,136
2.01e+05,311.02,0,94,590,0,136
2.01e+05,311.02,0,94,590,0,136
2.0125e+05,311.72,0,96,579,0,130
2.0125e+05,311.72,0,96,580,0,130
2.015e+05,312.31,0,97,590,0,136
2.015e+05,312.32,0,97,589,0,136
2.0175e+05,312.93,0,93,589,0,129
2.02e+05,313.65,0,97,599,0,135
2.0225e+05,314.3,0,104,611,0,122
2.0225e+05,314.29,0,104,611,0,123
2.025e+05,314.92,0,107,627,0,125
2.025e+05,314.93,0,107,627,0,124
2.025e+05,314.93,0,107,627,0,124
2.025e+05,314.93,0,107,627,0,124
2.025e+05,314.93,0,107,627,0,124
2.0275e+05,315.58,0,106,626,0,127
2.0275e+05,315.58,0,107,626,0,127
2.03e+05,316.35,0,113,618,0,124
2.03e+05,316.36,0,113,617,0,124
2.0325e+05,317.18,0,112,613,0,126
2.035e+05,318,0,102,611,0,124
2.0375e+05,318.78,0,96,616,0,123
2.04e+05,319.61,0,98,611,0,134
2.04e+05,319.61,0,99,611,0,134
2.04e+05,319.62,0,99,611,0,134
2.0425e+05,320.47,0,97,598,0,130
2.045e+05,321.39,0,96,558,0,127
2.0475e+05,322.47,0,98,534,0,119
2.05e+05,323.54,0,101,531,0,117
2.0525e+05,324.72,0,73,514,0,136
2.0525e+05,324.72,0,73,515,0,136
2.055e+05,325.82,0,70,509,0,132
2.0575e+05,326.68,0,71,496,0,122
2.06e+05,327.5,0,69,497,0,117
2.0625e+05,328.27,0,71,472,0,118
2.0625e+05,328.27,0,71,471,0,118
2.065e+05,329.14,0,70,459,0,110
2.0675e+05,329.97,0,74,450,0,109
2.07e+05,330.8,0,80,412,0,117
2.0725e+05,331.78,0,87,389,0,123
2.0725e+05,331.78,0,87,390,0,123
2.0725e+05,331.79,0,87,390,0,123
2.075e+05,332.85,0,88,379,0,116
2.0775e+05,333.91,0,92,370,0,111
2.08e+05,335.14,0,94,364,0,107
2.0825e+05,336.39,0,106,336,0,103
2.085e+05,337.77,0,102,340,0,79
2.0875e+05,339.31,0,95,322,0,74
2.09e+05,341.02,0,107,308,0,60
2.0925e+05,342.89,0,100,293,0,50
2.095e+05,344.78,0,110,284,0,47
2.0975e+05,346.88,0,101,267,0,41
2.1e+05,349.09,0,96,243,0,42
2.1025e+05,351.32,0,111,222,0,46
2.105e+05,352.96,0,117,206,0,46
2.105e+05,352.96,0,116,206,0,46
2.1075e+05,354.47,0,122,190,0,53
2.1075e+05,354.47,0,123,190,0,53
2.11e+05,355.87,0,126,181,0,64
2.1125e+05,357.48,0,137,181,0,55
2.115e+05,359.14,0,138,170,0,47
2.115e+05,359.14,0,138,170,0,46
2.1175e+05,361.23,0,141,154,0,48
2.12e+05,363.15,0,153,159,0,55
2.1225e+05,365.2,0,158,153,0,56
2.125e+05,367.59,0,173,145,0,69
2.1275e+05,370.12,0,172,133,0,70
2.13e+05,372.34,0,176,137,0,64
2.1325e+05,374.65,0,195,122,0,62
2.135e+05,376.95,0,192,120,0,63
2.1375e+05,379.15,0,201,107,0,59
2.14e+05,381.44,0,226,100,0,57
2.1425e+05,383.88,0,232,85,0,56
2.145e+05,386.27,0,245,73,0,47
2.1475e+05,388.74,0,253,65,0,41
2.15e+05,390.91,0,271,76,0,38
2.1525e+05,393.14,0,217,71,0,67
2.155e+05,394.97,0,229,77,0,53
2.155e+05,394.97,0,229,77,0,54
2.1575e+05,397.08,0,233,65,0,55
2.1575e+05,397.08,0,232,65,0,55
2.16e+05,399.28,0,235,66,0,54
2.1625e+05,401.67,0,238,71,0,52
2.165e+05,404.03,0,242,61,0,52
2.1675e+05,406.58,0,249,44,0,60
2.17e+05,409.08,0,243,42,0,58
2.1725e+05,411.65,0,256,42,0,53
2.175e+05,414.26,0,278,34,0,39
2.1775e+05,417.12,0,271,40,0,38
2.18e+05,419.64,0,302,42,0,39
2.1825e+05,422.15,0,286,42,0,39
2.185e+05,424.65,0,290,37,0,28
2.1875e+05,427.33,0,286,35,0,26
2.19e+05,429.95,0,302,34,0,19
2.1925e+05,432.65,0,315,32,0,14
2.195e+05,435.25,0,328,25,0,10
2.1975e+05,437.43,0,339,19,0,11
2.2e+05,439.98,0,331,16,0,10
2.2025e+05,442.15,0,343,14,0,24
2.205e+05,444.44,0,363,16,0,24
2.2075e+05,446.53,0,392,13,0,20
2.21e+05,448.42,0,414,13,0,18
2.2125e+05,450.09,0,422,12,0,21
2.215e+05,451.94,0,419,12,0,14
2.215e+05,451.94,0,420,12,0,14
2.2175e+05,453.76,0,456,10,0,11
2.22e+05,455.75,0,473,8,0,10
2.2225e+05,457.36,0,503,7,0,9
2.225e+05,458.92,0,501,9,0,7
2.2275e+05,460.69,0,520,7,0,10
2.23e+05,462.63,0,539,7,0,17
2.2325e+05,464.16,0,542,8,0,17
2.235e+05,465.83,0,532,9,0,14
2.2375e+05,467.38,0,543,10,0,14
2.24e+05,469,0,550,5,0,12
2.2425e+05,470.51,0,551,3,0,13
2.245e+05,472.12,0,542,3,0,14
2.2475e+05,473.89,0,523,3,0,13
2.25e+05,475.5,0,559,5,0,13
2.2525e+05,477.05,0,561,7,0,7
2.255e+05,478.56,0,568,7,0,8
2.2575e+05,480.24,0,569,5,0,5
2.26e+05,481.71,0,597,5,0,3
2.2625e+05,483.14,0,614,5,0,2
2.265e+05,484.53,0,628,1,0,2
2.2675e+05,486.16,0,618,1,0,2
2.27e+05,487.66,0,601,1,0,1
2.2725e+05,489.11,0,596,0,0,1
2.275e+05,490.55,0,625,0,0,2
2.2775e+05,491.99,0,624,0,0,1
2.28e+05,493.68,0,635,0,0,0
2.2825e+05,495.06,0,657,0,0,0
2.285e+05,496.43,0,647,0,0,0
2.2875e+05,497.93,0,675,0,0,0
2.29e+05,499.36,0,681,0,0,0
2.2925e+05,500.69,0,671,0,0,0
2.295e+05,502.03,0,683,0,0,0
2.2975e+05,503.37,0,697,0,0,0
2.3e+05,504.83,0,711,0,0,0
2.3025e+05,506.11,0,719,0,0,0
2.305e+05,507.45,0,715,0,0,0
2.3075e+05,508.82,0,741,0,0,0
2.31e+05,509.99,0,741,0,0,0
2.3125e+05,511.17,0,765,0,0,0
2.315e+05,512.37,0,791,0,0,0
2.3175e+05,513.59,0,785,0,0,0
2.32e+05,514.8,0,823,0,0,0
2.3225e+05,516.1,0,817,0,0,0
2.325e+05,517.17,0,825,0,0,0
2.3275e+05,518.2,0,837,0,0,0
2.33e+05,519.38,0,865,0,0,0
2.3325e+05,520.45,0,887,0,0,0
2.335e+05,521.5,0,897,0,0,0
2.3375e+05,522.53,0,897,0,0,0
2.34e+05,523.54,0,907,0,0,0
2.3425e+05,524.52,0,911,0,0,0
2.345e+05,525.59,0,905,0,0,0
2.3475e+05,526.76,0,897,0,0,0
2.35e+05,527.85,0,889,0,0,0
2.3525e+05,528.93,0,921,0,0,0
2.355e+05,529.86,0,935,0,0,0
2.3575e+05,530.84,0,939,0,0,0
2.36e+05,531.77,0,921,0,0,0
2.3625e+05,532.82,0,941,0,0,0
2.365e+05,533.87,0,965,0,0,0
2.3675e+05,534.76,0,983,0,0,0
2.37e+05,535.74,0,1003,0,0,0
2.3725e+05,536.51,0,1009,0,0,0
2.375e+05,537.44,0,993,0,0,0
2.3775e+05,538.35,0,995,0,0,0
2.38e+05,539.26,0,1007,0,0,0
2.3825e+05,540.12,0,997,0,0,0
2.385e+05,540.96,0,1017,0,0,0
2.3875e+05,541.85,0,1005,0,0,0
2.39e+05,542.85,0,1019,0,0,0
2.3925e+05,543.78,0,1043,0,0,0
2.395e+05,544.74,0,1055,0,0,0
2.3975e+05,545.65,0,1071,0,0,0
2.4e+05,546.56,0,1101,0,0,0
2.4025e+05,547.36,0,1095,0,0,0
2.405e+05,548.13,0,1085,0,0,0
2.4075e+05,548.96,0,1101,0,0,0
2.41e+05,549.87,0,1131,0,0,0
2.4125e+05,550.75,0,1135,0,0,0
2.415e+05,551.54,0,1169,0,0,0
2.4175e+05,552.26,0,1173,0,0,0
2.42e+05,553.08,0,1171,0,0,0
2.4225e+05,553.88,0,1189,0,0,0
2.425e+05,554.66,0,1169,0,0,0
2.4275e+05,555.5,0,1183,0,0,0
2.43e+05,556.31,0,1173,0,0,0
2.4325e+05,557.1,0,1203,0,0,0
2.435e+05,557.8,0,1227,0,0,0
2.4375e+05,558.56,0,1259,0,0,0
2.44e+05,559.32,0,1267,0,0,0
2.4425e+05,559.97,0,1285,0,0,0
2.445e+05,560.74,0,1281,0,0,0
2.4475e+05,561.5,0,1295,0,0,0
2.45e+05,562.21,0,1295,0,0,0
2.4525e+05,563.03,0,1307,0,0,0
2.455e+05,563.75,0,1299,0,0,0
2.4575e+05,564.53,0,1301,0,0,0
2.46e+05,565.19,0,1317,0,0,0
2.4625e+05,565.92,0,1349,0,0,0
2.465e+05,566.66,0,1353,0,0,0
2.4675e+05,567.3,0,1353,0,0,0
2.47e+05,568.01,0,1357,0,0,0
2.4725e+05,568.7,0,1383,0,0,0
2.475e+05,569.32,0,1383,0,0,0
2.4775e+05,569.95,0,1403,0,0,0
2.48e+05,570.65,0,1427,0,0,0
2.4825e+05,571.29,0,1417,0,0,0
2.485e+05,571.92,0,1441,0,0,0
2.4875e+05,572.58,0,1467,0,0,0
2.49e+05,573.16,0,1487,0,0,0
2.4925e+05,573.78,0,1499,0,0,0
2.495e+05,574.37,0,1529,0,0,0
2.4975e+05,574.95,0,1537,0,0,0
2.5e+05,575.52,0,1555,0,0,0
2.5025e+05,576.16,0,1549,0,0,0
2.505e+05,576.75,0,1541,0,0,0
2.5075e+05,577.33,0,1549,0,0,0
2.51e+05,577.85,0,1527,0,0,0
2.5125e+05,578.49,0,1527,0,0,0
2.515e+05,579.06,0,1539,0,0,0
2.5175e+05,579.68,0,1541,0,0,0
2.52e+05,580.24,0,1543,0,0,0
2.5225e+05,580.83,0,1547,0,0,0
2.525e+05,581.46,0,1567,0,0,0
2.5275e+05,581.96,0,1579,0,0,0
2.53e+05,582.53,0,1597,0,0,0
2.5325e+05,583.09,0,1619,0,0,0
2.535e+05,583.65,0,1645,0,0,0
2.5375e+05,584.18,0,1677,0,0,0
2.54e+05,584.73,0,1695,0,0,0
2.5425e+05,585.29,0,1711,0,0,0
2.545e+05,585.86,0,1717,0,0,0
2.5475e+05,586.37,0,1715,0,0,0
2.55e+05,586.9,0,1717,0,0,0
2.5525e+05,587.41,0,1691,0,0,0
2.555e+05,588,0,1689,0,0,0
2.5575e+05,588.58,0,1675,0,0,0
2.56e+05,589.11,0,1685,0,0,0
2.5625e+05,589.6,0,1723,0,0,0
2.565e+05,590.1,0,1733,0,0,0
2.5675e+05,590.69,0,1747,0,0,0
2.57e+05,591.17,0,1761,0,0,0
2.5725e+05,591.73,0,1769,0,0,0
2.575e+05,592.25,0,1779,0,0,0
2.5775e+05,592.73,0,1785,0,0,0
2.58e+05,593.28,0,1791,0,0,0
2.5825e+05,593.82,0,1769,0,0,0
2.585e+05,594.31,0,1783,0,0,0
2.5875e+05,594.85,0,1795,0,0,0
2.59e+05,595.34,0,1799,0,0,0
2.5925e+05,595.87,0,1791,0,0,0
2.595e+05,596.39,0,1801,0,0,0
2.5975e+05,596.91,0,1809,0,0,0
2.6e+05,597.44,0,1791,0,0,0
2.6025e+05,598.03,0,1797,0,0,0
2.605e+05,598.57,0,1819,0,0,0
2.6075e+05,599.09,0,1821,0,0,0
2.61e+05,599.65,0,1815,0,0,0
2.6125e+05,600.19,0,1837,0,0,0
2.615e+05,600.66,0,1857,0,0,0
2.6175e+05,601.21,0,1857,0,0,0
2.62e+05,601.72,0,1869,0,0,0
2.6225e+05,602.22,0,1893,0,0,0
2.625e+05,602.63,0,1909,0,0,0
2.6275e+05,603.13,0,1887,0,0,0
2.63e+05,603.56,0,1891,0,0,0
2.6325e+05,603.98,0,1919,0,0,0
2.635e+05,604.41,0,1969,0,0,0
2.6375e+05,604.89,0,1973,0,0,0
2.64e+05,605.38,0,1983,0,0,0
2.6425e+05,605.83,0,1979,0,0,0
2.645e+05,606.28,0,1975,0,0,0
2.6475e+05,606.75,0,1975,0,0,0
2.65e+05,607.25,0,1961,0,0,0
2.6525e+05,607.7,0,1997,0,0,0
2.655e+05,608.14,0,2015,0,0,0
2.6575e+05,608.64,0,2027,0,0,0
2.66e+05,609.07,0,2065,0,0,0
2.6625e+05,609.51,0,2075,0,0,0
2.665e+05,609.94,0,2089,0,0,0
2.6675e+05,610.39,0,2085,0,0,0
2.67e+05,610.83,0,2093,0,0,0
2.6725e+05,611.33,0,2115,0,0,0
2.675e+05,611.8,0,2093,0,0,0
2.6775e+05,612.23,0,2119,0,0,0
2.68e+05,612.65,0,2121,0,0,0
2.6825e+05,613.06,0,2139,0,0,0
2.685e+05,613.5,0,2161,0,0,0
2.6875e+05,613.92,0,2171,0,0,0
2.69e+05,614.31,0,2197,0,0,0
2.6925e+05,614.76,0,2227,0,0,0
2.695e+05,615.14,0,2211,0,0,0
2.6975e+05,615.54,0,2211,0,0,0
2.7e+05,615.96,0,2229,0,0,0
2.7025e+05,616.37,0,2245,0,0,0
2.705e+05,616.76,0,2261,0,0,0
2.7075e+05,617.18,0,2279,0,0,0
2.71e+05,617.53,0,2309,0,0,0
2.7125e+05,617.97,0,2319,0,0,0
2.715e+05,618.4,0,2337,0,0,0
2.7175e+05,618.75,0,2349,0,0,0
2.72e+05,619.13,0,2365,0,0,0
2.7225e+05,619.58,0,2373,0,0,0
2.725e+05,619.98,0,2369,0,0,0
2.7275e+05,620.41,0,2385,0,0,0
2.73e+05,620.82,0,2415,0,0,0
2.7325e+05,621.19,0,2427,0,0,0
2.735e+05,621.56,0,2451,0,0,0
2.7375e+05,621.92,0,2447,0,0,0
2.74e+05,622.31,0,2459,0,0,0
2.7425e+05,622.7,0,2467,0,0,0
2.745e+05,623.1,0,2439,0,0,0
2.7475e+05,623.47,0,2445,0,0,0
2.75e+05,623.86,0,2439,0,0,0
2.7525e+05,624.22,0,2437,0,0,0
2.755e+05,624.62,0,2445,0,0,0
2.7575e+05,624.97,0,2471,0,0,0
2.76e+05,625.35,0,2493,0,0,0
2.7625e+05,625.73,0,2499,0,0,0
2.765e+05,626.08,0,2539,0,0,0
2.7675e+05,626.47,0,2559,0,0,0
2.77e+05,626.83,0,2583,0,0,0
2.7725e+05,627.18,0,2599,0,0,0
2.775e+05,627.54,0,2615,0,0,0
2.7775e+05,627.91,0,2627,0,0,0
2.78e+05,628.23,0,2629,0,0,0
2.7825e+05,628.6,0,2627,0,0,0
2.785e+05,628.96,0,2641,0,0,0
2.7875e+05,629.28,0,2641,0,0,0
2.79e+05,629.65,0,2657,0,0,0
2.7925e+05,629.96,0,2675,0,0,0
2.795e+05,630.32,0,2697,0,0,0
2.7975e+05,630.7,0,2721,0,0,0
2.8e+05,631.04,0,2733,0,0,0
2.8025e+05,631.4,0,2725,0,0,0
2.805e+05,631.77,0,2745,0,0,0
2.8075e+05,632.09,0,2751,0,0,0
2.81e+05,632.45,0,2743,0,0,0
2.8125e+05,632.8,0,2745,0,0,0
2.815e+05,633.1,0,2779,0,0,0
2.8175e+05,633.42,0,2799,0,0,0
2.82e+05,633.76,0,2829,0,0,0
2.8225e+05,634.12,0,2841,0,0,0
2.825e+05,634.45,0,2865,0,0,0
2.8275e+05,634.79,0,2873,0,0,0
2.83e+05,635.13,0,2889,0,0,0
2.8325e+05,635.49,0,2901,0,0,0
2.835e+05,635.77,0,2901,0,0,0
2.8375e+05,636.12,0,2903,0,0,0
2.84e+05,636.44,0,2895,0,0,0
2.8425e+05,636.74,0,2909,0,0,0
2.845e+05,637.09,0,2913,0,0,0
2.8475e+05,637.38,0,2923,0,0,0
2.85e+05,637.73,0,2917,0,0,0
2.8525e+05,638.06,0,2923,0,0,0
2.855e+05,638.33,0,2951,0,0,0
2.8575e+05,638.68,0,2959,0,0,0
2.86e+05,639,0,2931,0,0,0
2.8625e+05,639.31,0,2937,0,0,0
2.865e+05,639.63,0,2945,0,0,0
2.8675e+05,639.92,0,2961,0,0,0
2.87e+05,640.24,0,3013,0,0,0
2.8725e+05,640.55,0,3013,0,0,0
2.875e+05,640.87,0,3015,0,0,0
2.8775e+05,641.15,0,3011,0,0,0
2.88e+05,641.44,0,3005,0,0,0
2.8825e+05,641.78,0,3017,0,0,0
2.885e+05,642.09,0,3047,0,0,0
2.8875e+05,642.39,0,3051,0,0,0
2.89e+05,642.66,0,3085,0,0,0
2.8925e+05,642.96,0,3099,0,0,0
2.895e+05,643.26,0,3115,0,0,0
2.8975e+05,643.56,0,3151,0,0,0
2.9e+05,643.85,0,3153,0,0,0
2.9025e+05,644.16,0,3201,0,0,0
2.905e+05,644.44,0,3237,0,0,0
2.9075e+05,644.69,0,3235,0,0,0
2.91e+05,645,0,3271,0,0,0
2.9125e+05,645.3,0,3309,0,0,0
2.915e+05,645.56,0,3307,0,0,0
2.9175e+05,645.85,0,3333,0,0,0
2.92e+05,646.11,0,3325,0,0,0
2.9225e+05,646.45,0,3307,0,0,0
2.925e+05,646.7,0,3329,0,0,0
2.9275e+05,646.97,0,3315,0,0,0
2.93e+05,647.25,0,3317,0,0,0
2.9325e+05,647.56,0,3317,0,0,0
2.935e+05,647.84,0,3313,0,0,0
2.9375e+05,648.12,0,3321,0,0,0
2.94e+05,648.41,0,3307,0,0,0
2.9425e+05,648.67,0,3361,0,0,0
2.945e+05,648.95,0,3349,0,0,0
2.9475e+05,649.22,0,3347,0,0,0
2.95e+05,649.5,0,3375,0,0,0
2.9525e+05,649.76,0,3405,0,0,0
2.955e+05,650.03,0,3409,0,0,0
2.9575e+05,650.3,0,3413,0,0,0
2.96e+05,650.54,0,3429,0,0,0
2.9625e+05,650.83,0,3437,0,0,0
2.965e+05,651.12,0,3431,0,0,0
2.9675e+05,651.38,0,3461,0,0,0
2.97e+05,651.65,0,3461,0,0,0
2.9725e+05,651.9,0,3475,0,0,0
2.975e+05,652.16,0,3481,0,0,0
2.9775e+05,652.43,0,3485,0,0,0
2.98e+05,652.72,0,3473,0,0,0
2.9825e+05,652.99,0,3471,0,0,0
2.985e+05,653.27,0,3501,0,0,0
2.9875e+05,653.53,0,3537,0,0,0
2.99e+05,653.77,0,3553,0,0,0
2.9925e+05,654.01,0,3541,0,0,0
2.995e+05,654.26,0,3561,0,0,0
2.9975e+05,654.48,0,3577,0,0,0
3e+05,654.74,0,3595,0,0,0
3.0025e+05,655.02,0,3599,0,0,0
3.005e+05,655.26,0,3601,0,0,0
3.0075e+05,655.52,0,3609,0,0,0
3.01e+05,655.8,0,3615,0,0,0
3.0125e+05,656.04,0,3629,0,0,0
3.015e+05,656.33,0,3649,0,0,0
3.0175e+05,656.58,0,3661,0,0,0
3.02e+05,656.84,0,3669,0,0,0
3.0225e+05,657.07,0,3691,0,0,0
3.025e+05,657.34,0,3719,0,0,0
3.0275e+05,657.59,0,3713,0,0,0
3.03e+05,657.85,0,3725,0,0,0
3.0325e+05,658.09,0,3727,0,0,0
3.035e+05,658.33,0,3717,0,0,0
3.0375e+05,658.61,0,3701,0,0,0
3.04e+05,658.84,0,3697,0,0,0
3.0425e+05,659.09,0,3729,0,0,0
3.045e+05,659.34,0,3743,0,0,0
3.0475e+05,659.57,0,3769,0,0,0
3.05e+05,659.78,0,3773,0,0,0
3.0525e+05,660,0,3787,0,0,0
3.055e+05,660.24,0,3783,0,0,0
3.0575e+05,660.48,0,3787,0,0,0
3.06e+05,660.72,0,3793,0,0,0
3.0625e+05,660.96,0,3763,0,0,0
3.065e+05,661.21,0,3751,0,0,0
3.0675e+05,661.45,0,3773,0,0,0
3.07e+05,661.69,0,3795,0,0,0
3.0725e+05,661.9,0,3793,0,0,0
3.075e+05,662.15,0,3799,0,0,0
3.0775e+05,662.37,0,3805,0,0,0
3.08e+05,662.61,0,3835,0,0,0
3.0825e+05,662.84,0,3845,0,0,0
3.085e+05,663.11,0,3855,0,0,0
3.0875e+05,663.35,0,3855,0,0,0
3.09e+05,663.59,0,3889,0,0,0
3.0925e+05,663.82,0,3885,0,0,0
3.095e+05,664.05,0,3905,0,0,0
3.0975e+05,664.29,0,3889,0,0,0
3.1e+05,664.52,0,3883,0,0,0
3.1025e+05,664.76,0,3875,0,0,0
3.105e+05,665,0,3877,0,0,0
3.1075e+05,665.24,0,3879,0,0,0
3.11e+05,665.49,0,3885,0,0,0
3.1125e+05,665.73,0,3903,0,0,0
3.115e+05,665.97,0,3909,0,0,0
3.1175e+05,666.23,0,3925,0,0,0
3.12e+05,666.47,0,3927,0,0,0
3.1225e+05,666.69,0,3939,0,0,0
3.125e+05,666.91,0,3941,0,0,0
3.1275e+05,667.16,0,3953,0,0,0
3.13e+05,667.4,0,3969,0,0,0
3.1325e+05,667.61,0,3965,0,0,0
3.135e+05,667.87,0,4003,0,0,0
3.1375e+05,668.07,0,4053,0,0,0
3.14e+05,668.29,0,4061,0,0,0
3.1425e+05,668.51,0,4075,0,0,0
3.145e+05,668.71,0,4071,0,0,0
3.1475e+05,668.93,0,4075,0,0,0
3.15e+05,669.16,0,4113,0,0,0
3.1525e+05,669.38,0,4111,0,0,0
3.155e+05,669.63,0,4111,0,0,0
3.1575e+05,669.84,0,4135,0,0,0
3.16e+05,670.06,0,4149,0,0,0
3.1625e+05,670.28,0,4171,0,0,0
3.165e+05,670.51,0,4155,0,0,0
3.1675e+05,670.72,0,4171,0,0,0
3.17e+05,670.93,0,4185,0,0,0
3.1725e+05,671.17,0,4149,0,0,0
3.175e+05,671.37,0,4189,0,0,0
3.1775e+05,671.59,0,4213,0,0,0
3.18e+05,671.8,0,4255,0,0,0
3.1825e+05,672,0,4263,0,0,0
3.185e+05,672.21,0,4285,0,0,0
3.1875e+05,672.41,0,4295,0,0,0
3.19e+05,672.65,0,4293,0,0,0
3.1925e+05,672.86,0,4321,0,0,0
3.195e+05,673.1,0,4293,0,0,0
3.1975e+05,673.33,0,4329,0,0,0
3.2e+05,673.53,0,4343,0,0,0
3.2025e+05,673.75,0,4367,0,0,0
3.205e+05,673.95,0,4365,0,0,0
3.2075e+05,674.18,0,4349,0,0,0
3.21e+05,674.4,0,4375,0,0,0
3.2125e+05,674.6,0,4417,0,0,0
3.215e+05,674.83,0,4415,0,0,0
3.2175e+05,675.03,0,4441,0,0,0
3.22e+05,675.24,0,4467,0,0,0
3.2225e+05,675.44,0,4461,0,0,0
3.225e+05,675.64,0,4477,0,0,0
3.2275e+05,675.83,0,4477,0,0,0
3.23e+05,676.06,0,4501,0,0,0
3.2325e+05,676.29,0,4507,0,0,0
3.235e+05,676.51,0,4499,0,0,0
3.2375e+05,676.74,0,4535,0,0,0
3.24e+05,676.95,0,4559,0,0,0
3.2425e+05,677.13,0,4577,0,0,0
3.245e+05,677.32,0,4573,0,0,0
3.2475e+05,677.5,0,4587,0,0,0
3.25e+05,677.69,0,4597,0,0,0
3.2525e+05,677.88,0,4601,0,0,0
3.255e+05,678.06,0,4633,0,0,0
3.2575e+05,678.25,0,4639,0,0,0
3.26e+05,678.46,0,4673,0,0,0
3.2625e+05,678.66,0,4683,0,0,0
3.265e+05,678.84,0,4695,0,0,0
3.2675e+05,679.04,0,4683,0,0,0
3.27e+05,679.21,0,4691,0,0,0
3.2725e+05,679.4,0,4681,0,0,0
3.275e+05,679.59,0,4695,0,0,0
3.2775e+05,679.77,0,4705,0,0,0
3.28e+05,679.95,0,4701,0,0,0
3.2825e+05,680.16,0,4707,0,0,0
3.285e+05,680.36,0,4715,0,0,0
3.2875e+05,680.55,0,4757,0,0,0
3.29e+05,680.75,0,4765,0,0,0
3.2925e+05,680.96,0,4755,0,0,0
3.295e+05,681.16,0,4707,0,0,0
3.2975e+05,681.36,0,4723,0,0,0
3.3e+05,681.54,0,4725,0,0,0
3.3025e+05,681.74,0,4727,0,0,0
3.305e+05,681.95,0,4757,0,0,0
3.3075e+05,682.14,0,4779,0,0,0
3.31e+05,682.35,0,4799,0,0,0
3.3125e+05,682.54,0,4819,0,0,0
3.315e+05,682.73,0,4847,0,0,0
3.3175e+05,682.93,0,4871,0,0,0
3.32e+05,683.13,0,4859,0,0,0
3.3225e+05,683.3,0,4865,0,0,0
3.325e+05,683.5,0,4867,0,0,0
3.3275e+05,683.67,0,4883,0,0,0
3.33e+05,683.86,0,4903,0,0,0
3.3325e+05,684.03,0,4927,0,0,0
3.335e+05,684.21,0,4949,0,0,0
3.3375e+05,684.43,0,4955,0,0,0
3.34e+05,684.6,0,4937,0,0,0
3.3425e+05,684.79,0,4941,0,0,0
3.345e+05,684.98,0,4989,0,0,0
3.3475e+05,685.19,0,5003,0,0,0
3.35e+05,685.38,0,4989,0,0,0
3.3525e+05,685.56,0,5007,0,0,0
3.355e+05,685.76,0,5009,0,0,0
3.3575e+05,685.97,0,5033,0,0,0
3.36e+05,686.15,0,5039,0,0,0
3.3625e+05,686.34,0,5025,0,0,0
3.365e+05,686.52,0,5023,0,0,0
3.3675e+05,686.69,0,5031,0,0,0
3.37e+05,686.88,0,5051,0,0,0
3.3725e+05,687.07,0,5067,0,0,0
3.375e+05,687.25,0,5073,0,0,0
3.3775e+05,687.43,0,5073,0,0,0
3.38e+05,687.61,0,5075,0,0,0
3.3825e+05,687.77,0,5099,0,0,0
3.3845e+05,687.89,0,5114,0,0,0
